NLG Font Description File
Version 1.11
Font "DFPPOP2W9-GB" 18 color 255 255 255
PageSize 1024 PageCount 19 TextType color Distribution english
Height 24 RenderHeight 28 Ascent 24 RenderAscent 21 IL 0
CharSpacing 10 LineHeight 15
Glyph 32 Width 0 2 0 0 0 9 112 0
Glyph ! Width 7 11 1 9 0 47 112 0
Glyph " Width 7 11 0 47 0 83 112 0
Glyph # Width 7 20 1 83 0 157 112 0
Glyph $ Width 7 19 1 157 0 229 112 0
Glyph % Width 7 25 0 229 0 320 112 0
Glyph & Width 7 19 0 320 0 389 112 0
Glyph ' Width 7 8 0 389 0 412 112 0
Glyph ( Width 7 12 0 412 0 452 112 0
Glyph ) Width 7 12 0 452 0 492 112 0
Glyph + Width 7 17 0 492 0 553 112 0
Glyph , Width 7 10 1 553 0 585 112 0
Glyph - Width 7 11 1 585 0 623 112 0
Glyph . Width 7 9 1 623 0 654 112 0
Glyph / Width 7 11 0 654 0 690 112 0
Glyph 0 Width 7 22 1 690 0 767 112 0
Glyph 1 Width 7 15 0 767 0 824 112 0
Glyph 2 Width 7 21 0 824 0 899 112 0
Glyph 3 Width 7 18 1 899 0 969 112 0
Glyph 4 Width 7 20 1 0 113 75 225 0
Glyph 5 Width 7 19 1 75 113 146 225 0
Glyph 6 Width 7 19 1 146 113 218 225 0
Glyph 7 Width 7 20 1 218 113 291 225 0
Glyph 8 Width 7 19 1 291 113 363 225 0
Glyph 9 Width 7 19 1 363 113 435 225 0
Glyph : Width 7 9 1 435 113 466 225 0
Glyph ; Width 7 10 1 466 113 498 225 0
Glyph ? Width 7 16 1 498 113 554 225 0
Glyph @ Width 7 23 0 554 113 640 225 0
Glyph A Width 7 23 0 640 113 725 225 0
Glyph B Width 7 21 1 725 113 801 225 0
Glyph C Width 7 22 0 801 113 880 225 0
Glyph D Width 7 21 0 880 113 955 225 0
Glyph E Width 7 20 1 0 226 72 338 0
Glyph F Width 7 19 1 72 226 143 338 0
Glyph G Width 7 21 0 143 226 221 338 0
Glyph H Width 7 21 1 221 226 299 338 0
Glyph I Width 7 10 1 299 226 334 338 0
Glyph J Width 7 18 0 334 226 396 338 0
Glyph K Width 7 22 0 396 226 474 338 0
Glyph L Width 7 19 1 474 226 543 338 0
Glyph M Width 7 23 1 543 226 629 338 0
Glyph N Width 7 22 1 629 226 711 338 0
Glyph O Width 7 22 0 711 226 792 338 0
Glyph P Width 7 20 1 792 226 867 338 0
Glyph Q Width 7 23 0 867 226 949 338 0
Glyph R Width 7 22 1 0 339 81 451 0
Glyph S Width 7 22 0 81 339 160 451 0
Glyph T Width 7 22 0 160 339 237 451 0
Glyph U Width 7 21 1 237 339 315 451 0
Glyph V Width 7 22 0 315 339 396 451 0
Glyph W Width 7 25 0 396 339 486 451 0
Glyph X Width 7 23 0 486 339 567 451 0
Glyph Y Width 7 22 0 567 339 646 451 0
Glyph Z Width 7 22 0 646 339 727 451 0
Glyph [ Width 7 12 0 727 339 767 451 0
Glyph \ Width 7 11 0 767 339 803 451 0
Glyph ] Width 7 12 0 803 339 843 451 0
Glyph _ Width 7 17 0 843 339 903 451 0
Glyph a Width 7 19 0 903 339 969 451 0
Glyph b Width 7 19 0 0 452 69 564 0
Glyph c Width 7 18 0 69 452 131 564 0
Glyph d Width 7 20 0 131 452 203 564 0
Glyph e Width 7 18 0 203 452 265 564 0
Glyph f Width 7 13 0 265 452 307 564 0
Glyph g Width 7 18 0 307 452 370 564 0
Glyph h Width 7 17 0 370 452 432 564 0
Glyph i Width 7 10 1 432 452 467 564 0
Glyph j Width 7 12 0 467 452 507 564 0
Glyph k Width 7 19 1 507 452 574 564 0
Glyph l Width 7 11 0 574 452 613 564 0
Glyph m Width 7 24 0 613 452 701 564 0
Glyph n Width 7 18 0 701 452 766 564 0
Glyph o Width 7 19 0 766 452 831 564 0
Glyph p Width 7 19 0 831 452 899 564 0
Glyph q Width 7 19 0 899 452 967 564 0
Glyph r Width 7 13 1 967 452 1012 564 0
Glyph s Width 7 18 0 0 565 64 677 0
Glyph t Width 7 14 0 64 565 110 677 0
Glyph u Width 7 18 0 110 565 175 677 0
Glyph v Width 7 19 0 175 565 243 677 0
Glyph w Width 7 25 0 243 565 333 677 0
Glyph x Width 7 20 0 333 565 405 677 0
Glyph y Width 7 17 0 405 565 463 677 0
Glyph z Width 7 18 0 463 565 528 677 0
Glyph { Width 7 13 1 528 565 572 677 0
Glyph } Width 7 13 1 572 565 616 677 0
Glyph 169 Width 7 23 0 616 565 699 677 0
Glyph 174 Width 7 23 0 699 565 782 677 0
Glyph 183 Width 7 18 0 782 565 851 677 0
Glyph 193 Width 7 29 0 851 565 975 693 0
Glyph 201 Width 7 29 0 0 694 124 822 0
Glyph 215 Width 7 25 0 124 694 220 806 0
Glyph 225 Width 7 29 0 220 694 344 822 0
Glyph 232 Width 7 29 0 344 694 468 822 0
Glyph 233 Width 7 29 0 468 694 592 822 0
Glyph 237 Width 7 29 0 592 694 716 822 0
Glyph 240 Width 7 29 0 716 694 840 822 0
Glyph 241 Width 7 29 0 840 694 964 822 0
Glyph 247 Width 7 24 0 0 823 94 935 0
Glyph 387 Width 7 29 0 94 823 218 951 0
Glyph 403 Width 7 29 0 218 823 342 951 0
Glyph 469 Width 7 29 0 342 823 466 951 0
Glyph 591 Width 7 29 0 466 823 590 951 0
Glyph 592 Width 7 29 0 590 823 714 951 0
Glyph 595 Width 7 29 0 714 823 838 951 0
Glyph 611 Width 7 29 0 838 823 962 951 0
Glyph 624 Width 7 29 0 0 0 124 128 1
Glyph 625 Width 7 29 0 124 0 248 128 1
Glyph 626 Width 7 29 0 248 0 372 128 1
Glyph 627 Width 7 29 0 372 0 496 128 1
Glyph 629 Width 7 29 1 496 0 620 128 1
Glyph 647 Width 7 47 0 620 0 842 128 1
Glyph 664 Width 7 29 0 842 0 966 128 1
Glyph 675 Width 7 68 0 0 129 239 229 1
Glyph 676 Width 7 68 1 239 129 478 229 1
Glyph 984 Width 7 29 -1 478 129 602 257 1
Glyph 1120 Width 7 29 0 602 129 726 257 1
Glyph 1126 Width 7 53 -10 726 129 948 257 1
Glyph 1134 Width 7 53 -10 0 258 222 386 1
Glyph 1138 Width 7 53 -9 222 258 444 386 1
Glyph 1148 Width 7 53 -10 444 258 666 386 1
Glyph 1174 Width 7 68 1 666 258 905 358 1
Glyph 1176 Width 7 53 0 0 387 222 515 1
Glyph 1179 Width 7 68 -1 222 387 461 487 1
Glyph 1286 Width 1 29 0 461 387 585 515 1
Glyph 1470 Width 7 29 0 585 387 709 515 1
Glyph 1488 Width 7 29 0 709 387 833 515 1
Glyph 1696 Width 7 29 0 833 387 957 515 1
Glyph 1758 Width 7 29 0 0 516 124 644 1
Glyph 7612 Width 7 29 1 124 516 248 644 1
Glyph 7613 Width 7 29 1 248 516 372 644 1
Glyph 8212 Width 1 29 0 372 516 480 628 1
Glyph 8217 Width 1 12 0 480 516 523 628 1
Glyph 8220 Width 1 26 0 523 516 624 628 1
Glyph 8221 Width 1 15 0 624 516 677 628 1
Glyph 8230 Width 1 26 0 677 516 776 628 1
Glyph 8251 Width 1 26 0 776 516 876 628 1
Glyph 8354 Width 7 29 0 876 516 1000 644 1
Glyph 8593 Width 1 22 0 0 645 85 757 1
Glyph 8594 Width 1 29 0 85 645 192 757 1
Glyph 9312 Width 1 29 0 192 645 299 757 1
Glyph 9313 Width 1 29 0 299 645 406 757 1
Glyph 9314 Width 1 29 0 406 645 513 757 1
Glyph 9315 Width 1 29 0 513 645 620 757 1
Glyph 9316 Width 1 29 0 620 645 727 757 1
Glyph 9317 Width 1 29 0 727 645 834 757 1
Glyph 9318 Width 1 29 0 834 645 941 757 1
Glyph 9319 Width 1 29 0 0 758 107 870 1
Glyph 9320 Width 1 29 0 107 758 214 870 1
Glyph 9825 Width 7 29 0 214 758 338 886 1
Glyph 11383 Width 0 29 0 338 758 462 886 1
Glyph 12288 Width 1 2 0 462 758 471 870 1
Glyph 12289 Width 1 13 0 471 758 519 870 1
Glyph 12290 Width 1 13 0 519 758 567 870 1
Glyph 12298 Width 1 27 0 567 758 673 870 1
Glyph 12299 Width 1 17 0 673 758 732 870 1
Glyph 12300 Width 1 26 0 732 758 832 870 1
Glyph 12301 Width 1 14 0 832 758 884 870 1
Glyph 12304 Width 1 25 0 884 758 982 870 1
Glyph 12305 Width 1 13 0 0 887 50 999 1
Glyph 19968 Width 1 26 0 50 887 149 999 1
Glyph 19969 Width 1 26 0 149 887 249 999 1
Glyph 19971 Width 1 27 0 249 887 351 999 1
Glyph 19975 Width 1 26 0 351 887 451 999 1
Glyph 19977 Width 1 27 0 451 887 552 999 1
Glyph 19978 Width 1 27 0 552 887 653 999 1
Glyph 19979 Width 1 27 0 653 887 755 999 1
Glyph 19981 Width 1 28 0 755 887 858 999 1
Glyph 19982 Width 1 26 0 858 887 958 999 1
Glyph 65152 Width 0 10 0 0 0 30 79 2
Glyph 65153 Width 0 8 0 40 0 63 79 2
Glyph 65154 Width 0 8 0 65 0 88 79 2
Glyph 65155 Width 0 8 0 90 0 106 79 2
Glyph 65156 Width 0 8 0 108 0 129 79 2
Glyph 65157 Width 0 12 0 131 0 165 79 2
Glyph 65158 Width 0 12 0 167 0 202 79 2
Glyph 65159 Width 0 8 0 725 0 741 79 2
Glyph 65160 Width 0 8 0 204 0 226 79 2
Glyph 65161 Width 0 12 0 228 0 279 79 2
Glyph 65162 Width 0 12 0 281 0 351 79 2
Glyph 65163 Width 0 12 0 353 0 376 79 2
Glyph 65164 Width 0 12 0 378 0 402 79 2
Glyph 65165 Width 0 8 0 404 0 418 79 2
Glyph 65166 Width 0 8 0 420 0 439 79 2
Glyph 65167 Width 0 12 0 441 0 492 79 2
Glyph 65168 Width 0 12 0 494 0 550 79 2
Glyph 65169 Width 0 8 0 552 0 573 79 2
Glyph 65170 Width 0 12 0 575 0 599 79 2
Glyph 65171 Width 0 12 0 601 0 630 79 2
Glyph 65172 Width 0 12 0 632 0 670 79 2
Glyph 65173 Width 0 12 0 672 0 723 79 2
Glyph 65174 Width 0 12 0 743 0 799 79 2
Glyph 65175 Width 0 12 0 801 0 825 79 2
Glyph 65176 Width 0 12 0 827 0 851 79 2
Glyph 65177 Width 0 12 0 853 0 904 79 2
Glyph 65178 Width 0 12 0 906 0 962 79 2
Glyph 65179 Width 0 12 0 964 0 987 79 2
Glyph 65180 Width 0 12 0 989 0 1013 79 2
Glyph 65181 Width 0 12 0 0 81 37 160 2
Glyph 65182 Width 0 12 0 39 81 78 160 2
Glyph 65183 Width 0 12 0 80 81 121 160 2
Glyph 65184 Width 0 12 0 123 81 165 160 2
Glyph 65185 Width 0 12 0 167 81 203 160 2
Glyph 65186 Width 0 12 0 205 81 244 160 2
Glyph 65187 Width 0 12 0 246 81 287 160 2
Glyph 65188 Width 0 12 0 289 81 331 160 2
Glyph 65189 Width 0 12 0 333 81 370 160 2
Glyph 65190 Width 0 12 0 372 81 412 160 2
Glyph 65191 Width 0 12 0 415 81 456 160 2
Glyph 65192 Width 0 12 0 458 81 500 160 2
Glyph 65193 Width 0 12 0 502 81 530 160 2
Glyph 65194 Width 0 12 0 532 81 565 160 2
Glyph 65195 Width 0 12 0 567 81 595 160 2
Glyph 65196 Width 0 12 0 597 81 630 160 2
Glyph 65197 Width 0 10 0 632 81 655 160 2
Glyph 65198 Width 0 10 0 657 81 685 160 2
Glyph 65199 Width 0 10 0 687 81 710 160 2
Glyph 65200 Width 0 10 0 712 81 740 160 2
Glyph 65201 Width 0 12 0 742 81 813 160 2
Glyph 65202 Width 0 12 0 815 81 890 160 2
Glyph 65203 Width 0 12 0 892 81 942 160 2
Glyph 65204 Width 0 12 0 944 81 1000 160 2
Glyph 65205 Width 0 12 0 0 162 71 241 2
Glyph 65206 Width 0 12 0 73 162 148 241 2
Glyph 65207 Width 0 12 0 150 162 200 241 2
Glyph 65208 Width 0 12 0 202 162 258 241 2
Glyph 65209 Width 0 12 0 260 162 329 241 2
Glyph 65210 Width 0 12 0 331 162 404 241 2
Glyph 65211 Width 0 12 0 406 162 452 241 2
Glyph 65212 Width 0 12 0 454 162 505 241 2
Glyph 65213 Width 0 12 0 507 162 576 241 2
Glyph 65214 Width 0 12 0 578 162 651 241 2
Glyph 65215 Width 0 12 0 653 162 699 241 2
Glyph 65216 Width 0 12 0 701 162 752 241 2
Glyph 65217 Width 0 12 0 754 162 801 241 2
Glyph 65218 Width 0 12 0 803 162 854 241 2
Glyph 65219 Width 0 12 0 856 162 902 241 2
Glyph 65220 Width 0 12 0 904 162 955 241 2
Glyph 65221 Width 0 12 0 957 162 1004 241 2
Glyph 65222 Width 0 12 0 0 243 50 322 2
Glyph 65223 Width 0 12 0 52 243 98 322 2
Glyph 65224 Width 0 12 0 100 243 151 322 2
Glyph 65225 Width 0 12 0 153 243 184 322 2
Glyph 65226 Width 0 12 0 186 243 219 322 2
Glyph 65227 Width 0 12 0 221 243 256 322 2
Glyph 65228 Width 0 12 0 258 243 294 322 2
Glyph 65229 Width 0 12 0 296 243 327 322 2
Glyph 65230 Width 0 12 0 329 243 362 322 2
Glyph 65231 Width 3 12 0 364 243 399 322 2
Glyph 65232 Width 0 12 0 401 243 437 322 2
Glyph 65233 Width 0 12 0 439 243 493 322 2
Glyph 65234 Width 0 12 0 495 243 554 322 2
Glyph 65235 Width 0 12 0 556 243 589 322 2
Glyph 65236 Width 0 12 0 591 243 631 322 2
Glyph 65237 Width 0 12 0 633 243 672 322 2
Glyph 65238 Width 0 12 0 674 243 717 322 2
Glyph 65239 Width 0 12 0 719 243 752 322 2
Glyph 65240 Width 0 12 0 754 243 794 322 2
Glyph 65241 Width 0 12 0 796 243 846 322 2
Glyph 65242 Width 0 12 0 848 243 903 322 2
Glyph 65243 Width 0 12 0 905 243 937 322 2
Glyph 65244 Width 0 12 0 939 243 977 322 2
Glyph 65245 Width 0 12 0 979 243 1013 322 2
Glyph 65246 Width 0 12 0 0 324 39 403 2
Glyph 65247 Width 0 10 0 41 324 60 403 2
Glyph 65248 Width 0 10 0 62 324 86 403 2
Glyph 65249 Width 0 12 0 88 324 134 403 2
Glyph 65250 Width 0 12 0 136 324 189 403 2
Glyph 65251 Width 0 12 0 191 324 229 403 2
Glyph 65252 Width 0 12 0 231 324 275 403 2
Glyph 65253 Width 0 12 0 277 324 315 403 2
Glyph 65254 Width 0 12 0 317 324 360 403 2
Glyph 65255 Width 0 12 0 362 324 382 403 2
Glyph 65256 Width 0 12 0 384 324 408 403 2
Glyph 65257 Width 0 12 0 410 324 438 403 2
Glyph 65258 Width 0 12 0 440 324 478 403 2
Glyph 65259 Width 0 12 0 480 324 526 403 2
Glyph 65260 Width 0 12 0 528 324 580 403 2
Glyph 65261 Width 0 12 0 582 324 611 403 2
Glyph 65262 Width 0 12 0 613 324 647 403 2
Glyph 65263 Width 0 12 0 649 324 695 403 2
Glyph 65264 Width 0 12 0 697 324 765 403 2
Glyph 65265 Width 0 12 0 767 324 813 403 2
Glyph 65266 Width 0 12 0 815 324 883 403 2
Glyph 65267 Width 0 12 0 885 324 905 403 2
Glyph 65268 Width 0 12 0 906 324 931 403 2
Glyph 65269 Width 0 12 0 933 324 966 403 2
Glyph 65270 Width 0 12 0 968 324 1007 403 2
Glyph 65271 Width 0 12 0 0 405 34 484 2
Glyph 65272 Width 0 12 0 36 405 75 484 2
Glyph 65273 Width 0 12 0 77 405 112 484 2
Glyph 65274 Width 0 12 0 114 405 153 484 2
Glyph 65275 Width 0 12 0 155 405 189 484 2
Glyph 65276 Width 0 12 0 191 405 230 484 2
Glyph 20837 Width 0 27 0 509 339 611 451 3
Glyph 20840 Width 0 28 0 611 339 715 451 3
Glyph 20843 Width 0 27 0 715 339 816 451 3
Glyph 20848 Width 0 27 0 816 339 917 451 3
Glyph 20849 Width 0 27 0 917 339 1020 451 3
Glyph 20851 Width 0 27 0 0 452 101 564 3
Glyph 20852 Width 0 26 0 101 452 200 564 3
Glyph 20853 Width 0 27 0 200 452 302 564 3
Glyph 20854 Width 0 27 0 302 452 404 564 3
Glyph 20855 Width 0 27 0 404 452 506 564 3
Glyph 20859 Width 0 27 0 506 452 608 564 3
Glyph 20861 Width 0 26 0 608 452 709 564 3
Glyph 20869 Width 0 26 0 709 452 809 564 3
Glyph 20877 Width 0 27 0 809 452 911 564 3
Glyph 20882 Width 0 26 0 911 452 1009 564 3
Glyph 20889 Width 0 27 0 0 565 102 677 3
Glyph 20891 Width 0 27 0 102 565 204 677 3
Glyph 20908 Width 0 27 0 204 565 305 677 3
Glyph 20912 Width 0 28 0 305 565 408 677 3
Glyph 20914 Width 0 27 0 408 565 508 677 3
Glyph 20915 Width 0 27 0 508 565 609 677 3
Glyph 20917 Width 0 27 0 609 565 711 677 3
Glyph 20919 Width 0 27 0 711 565 813 677 3
Glyph 20923 Width 0 27 0 813 565 915 677 3
Glyph 20928 Width 0 27 0 915 565 1016 677 3
Glyph 20934 Width 0 27 0 0 678 102 790 3
Glyph 20943 Width 0 27 0 102 678 204 790 3
Glyph 20945 Width 0 28 0 204 678 306 790 3
Glyph 20960 Width 0 27 0 306 678 408 790 3
Glyph 20961 Width 0 27 0 408 678 510 790 3
Glyph 20973 Width 0 27 0 510 678 612 790 3
Glyph 20982 Width 0 25 0 612 678 711 790 3
Glyph 20986 Width 0 26 0 711 678 812 790 3
Glyph 20987 Width 0 27 0 812 678 913 790 3
Glyph 20998 Width 0 28 0 913 678 1015 790 3
Glyph 21010 Width 0 26 0 0 791 100 903 3
Glyph 21015 Width 0 27 0 100 791 200 903 3
Glyph 21017 Width 0 26 0 200 791 299 903 3
Glyph 21018 Width 0 26 0 299 791 399 903 3
Glyph 21019 Width 0 26 0 399 791 498 903 3
Glyph 21021 Width 0 27 0 498 791 597 903 3
Glyph 21024 Width 0 27 0 597 791 698 903 3
Glyph 21028 Width 0 26 0 698 791 798 903 3
Glyph 21033 Width 0 26 0 798 791 897 903 3
Glyph 21035 Width 0 27 0 897 791 997 903 3
Glyph 21040 Width 0 26 0 0 904 99 1016 3
Glyph 21046 Width 0 26 0 99 904 199 1016 3
Glyph 21047 Width 0 27 0 199 904 300 1016 3
Glyph 21050 Width 0 27 0 300 904 399 1016 3
Glyph 21051 Width 0 27 0 399 904 498 1016 3
Glyph 21066 Width 0 26 0 498 904 598 1016 3
Glyph 21069 Width 0 27 0 598 904 699 1016 3
Glyph 21095 Width 0 27 0 699 904 798 1016 3
Glyph 21097 Width 0 27 0 798 904 899 1016 3
Glyph 21147 Width 0 26 0 899 904 998 1016 3
Glyph 21150 Width 0 28 0 0 0 103 112 4
Glyph 21151 Width 0 27 0 103 0 204 112 4
Glyph 21152 Width 0 27 0 204 0 306 112 4
Glyph 21153 Width 0 27 0 306 0 407 112 4
Glyph 21160 Width 0 27 0 407 0 507 112 4
Glyph 21161 Width 0 27 0 507 0 608 112 4
Glyph 21162 Width 0 27 0 608 0 710 112 4
Glyph 21169 Width 0 27 0 710 0 811 112 4
Glyph 21170 Width 0 27 0 811 0 912 112 4
Glyph 21171 Width 0 27 0 912 0 1014 112 4
Glyph 21183 Width 0 27 0 0 113 102 225 4
Glyph 21191 Width 0 27 0 102 113 203 225 4
Glyph 21195 Width 0 27 0 203 113 303 225 4
Glyph 21253 Width 0 27 0 303 113 405 225 4
Glyph 21270 Width 0 27 0 405 113 507 225 4
Glyph 21271 Width 0 27 0 507 113 610 225 4
Glyph 21273 Width 0 28 0 610 113 713 225 4
Glyph 21306 Width 0 26 0 713 113 813 225 4
Glyph 21307 Width 0 26 0 813 113 912 225 4
Glyph 21313 Width 0 26 0 912 113 1013 225 4
Glyph 21315 Width 0 27 0 0 226 101 338 4
Glyph 21319 Width 0 27 0 101 226 203 338 4
Glyph 21326 Width 0 27 0 203 226 305 338 4
Glyph 21327 Width 0 28 0 305 226 409 338 4
Glyph 21333 Width 0 27 0 409 226 510 338 4
Glyph 21334 Width 0 26 0 510 226 609 338 4
Glyph 21335 Width 0 27 0 609 226 711 338 4
Glyph 21338 Width 0 27 0 711 226 813 338 4
Glyph 21344 Width 0 26 0 813 226 913 338 4
Glyph 21351 Width 0 27 0 913 226 1016 338 4
Glyph 21360 Width 0 26 0 0 339 100 451 4
Glyph 21361 Width 0 27 0 100 339 202 451 4
Glyph 21363 Width 0 27 0 202 339 303 451 4
Glyph 21364 Width 0 27 0 303 339 404 451 4
Glyph 21381 Width 0 27 0 404 339 505 451 4
Glyph 21382 Width 0 27 0 505 339 607 451 4
Glyph 21385 Width 0 27 0 607 339 709 451 4
Glyph 21388 Width 0 27 0 709 339 811 451 4
Glyph 21402 Width 0 27 0 811 339 913 451 4
Glyph 21407 Width 0 27 0 913 339 1015 451 4
Glyph 21416 Width 0 27 0 0 452 102 564 4
Glyph 21435 Width 0 27 0 102 452 204 564 4
Glyph 21442 Width 0 27 0 204 452 306 564 4
Glyph 21448 Width 0 25 0 306 452 404 564 4
Glyph 21450 Width 0 27 0 404 452 505 564 4
Glyph 21451 Width 0 27 0 505 452 606 564 4
Glyph 21452 Width 0 26 0 606 452 706 564 4
Glyph 21453 Width 0 27 0 706 452 807 564 4
Glyph 21457 Width 0 27 0 807 452 907 564 4
Glyph 21462 Width 0 27 0 907 452 1010 564 4
Glyph 21463 Width 0 27 0 0 565 102 677 4
Glyph 21464 Width 0 27 0 102 565 204 677 4
Glyph 21475 Width 0 25 0 204 565 303 677 4
Glyph 21476 Width 0 27 0 303 565 405 677 4
Glyph 21477 Width 0 27 0 405 565 505 677 4
Glyph 21478 Width 0 25 0 505 565 603 677 4
Glyph 21482 Width 0 27 0 603 565 704 677 4
Glyph 21483 Width 0 26 0 704 565 801 677 4
Glyph 21484 Width 0 26 0 801 565 900 677 4
Glyph 21487 Width 0 27 0 900 565 1001 677 4
Glyph 21488 Width 0 26 0 0 678 101 790 4
Glyph 21491 Width 0 27 0 101 678 201 790 4
Glyph 21495 Width 0 27 0 201 678 301 790 4
Glyph 21507 Width 0 27 0 301 678 403 790 4
Glyph 21508 Width 0 27 0 403 678 505 790 4
Glyph 21512 Width 0 28 0 505 678 608 790 4
Glyph 21513 Width 0 26 0 608 678 707 790 4
Glyph 21514 Width 0 26 0 707 678 807 790 4
Glyph 21516 Width 0 27 0 807 678 908 790 4
Glyph 21517 Width 0 26 0 908 678 1003 790 4
Glyph 21518 Width 0 27 0 0 791 100 903 4
Glyph 21520 Width 0 27 0 100 791 201 903 4
Glyph 21521 Width 0 27 0 201 791 301 903 4
Glyph 21523 Width 0 27 0 301 791 403 903 4
Glyph 21527 Width 0 27 0 403 791 504 903 4
Glyph 21534 Width 0 27 0 504 791 606 903 4
Glyph 21542 Width 0 26 0 606 791 706 903 4
Glyph 21543 Width 0 27 0 706 791 808 903 4
Glyph 21548 Width 0 27 0 808 791 909 903 4
Glyph 21551 Width 0 27 0 909 791 1010 903 4
Glyph 21560 Width 0 27 0 0 904 103 1016 4
Glyph 21561 Width 0 27 0 103 904 204 1016 4
Glyph 21568 Width 0 27 0 204 904 306 1016 4
Glyph 21574 Width 0 27 0 306 904 408 1016 4
Glyph 21576 Width 0 26 0 408 904 508 1016 4
Glyph 21578 Width 0 27 0 508 904 609 1016 4
Glyph 21579 Width 0 27 0 609 904 709 1016 4
Glyph 21586 Width 0 27 0 709 904 810 1016 4
Glyph 21592 Width 0 24 0 810 904 906 1016 4
Glyph 21596 Width 0 27 0 906 904 1007 1016 4
Glyph 21602 Width 0 27 0 0 0 101 112 5
Glyph 21608 Width 0 26 0 101 0 200 112 5
Glyph 21621 Width 0 27 0 200 0 302 112 5
Glyph 21628 Width 0 27 0 302 0 403 112 5
Glyph 21629 Width 0 28 0 403 0 506 112 5
Glyph 21644 Width 0 26 0 506 0 606 112 5
Glyph 21650 Width 0 27 0 606 0 708 112 5
Glyph 21652 Width 0 27 0 708 0 809 112 5
Glyph 21654 Width 0 27 0 809 0 911 112 5
Glyph 21672 Width 0 27 0 911 0 1013 112 5
Glyph 21675 Width 0 28 0 0 113 103 225 5
Glyph 21676 Width 0 27 0 103 113 205 225 5
Glyph 21683 Width 0 27 0 205 113 306 225 5
Glyph 21691 Width 0 27 0 306 113 408 225 5
Glyph 21697 Width 0 27 0 408 113 510 225 5
Glyph 21702 Width 0 27 0 510 113 611 225 5
Glyph 21703 Width 0 27 0 611 113 712 225 5
Glyph 21704 Width 0 28 0 712 113 816 225 5
Glyph 21709 Width 0 27 0 816 113 917 225 5
Glyph 21710 Width 0 27 0 917 113 1018 225 5
Glyph 21727 Width 0 28 0 0 226 103 338 5
Glyph 21733 Width 0 27 0 103 226 205 338 5
Glyph 21737 Width 0 27 0 205 226 306 338 5
Glyph 21738 Width 0 27 0 306 226 408 338 5
Glyph 21756 Width 0 27 0 408 226 509 338 5
Glyph 21769 Width 0 28 0 509 226 613 338 5
Glyph 21780 Width 0 27 0 613 226 714 338 5
Glyph 21796 Width 0 27 0 714 226 816 338 5
Glyph 21804 Width 0 27 0 816 226 917 338 5
Glyph 21834 Width 0 27 0 917 226 1019 338 5
Glyph 21857 Width 0 27 0 0 339 101 451 5
Glyph 21862 Width 0 27 0 101 339 203 451 5
Glyph 21866 Width 0 27 0 203 339 305 451 5
Glyph 21877 Width 0 27 0 305 339 407 451 5
Glyph 21890 Width 0 27 0 407 339 508 451 5
Glyph 21892 Width 0 27 0 508 339 609 451 5
Glyph 21908 Width 0 27 0 609 339 711 451 5
Glyph 21916 Width 0 27 0 711 339 813 451 5
Glyph 21917 Width 0 27 0 813 339 915 451 5
Glyph 21941 Width 0 27 0 915 339 1016 451 5
Glyph 21949 Width 0 27 0 0 452 102 564 5
Glyph 21970 Width 0 28 0 102 452 205 564 5
Glyph 21990 Width 0 27 0 205 452 307 564 5
Glyph 21992 Width 0 28 0 307 452 410 564 5
Glyph 21996 Width 0 28 0 410 452 512 564 5
Glyph 21999 Width 0 28 0 512 452 616 564 5
Glyph 22007 Width 0 27 0 616 452 719 564 5
Glyph 22030 Width 0 27 0 719 452 821 564 5
Glyph 22043 Width 0 27 0 821 452 924 564 5
Glyph 22079 Width 0 28 0 0 565 103 677 5
Glyph 22108 Width 0 27 0 103 565 205 677 5
Glyph 22114 Width 0 27 0 205 565 307 677 5
Glyph 22120 Width 0 27 0 307 565 409 677 5
Glyph 22159 Width 0 27 0 409 565 511 677 5
Glyph 22163 Width 0 28 0 511 565 615 677 5
Glyph 22191 Width 0 27 0 615 565 716 677 5
Glyph 22235 Width 0 27 0 716 565 818 677 5
Glyph 22238 Width 0 27 0 818 565 920 677 5
Glyph 22240 Width 0 27 0 920 565 1022 677 5
Glyph 22242 Width 0 27 0 0 678 102 790 5
Glyph 22253 Width 0 27 0 102 678 203 790 5
Glyph 22256 Width 0 27 0 203 678 305 790 5
Glyph 22260 Width 0 27 0 305 678 407 790 5
Glyph 22270 Width 0 27 0 407 678 509 790 5
Glyph 22278 Width 0 27 0 509 678 611 790 5
Glyph 22280 Width 0 27 0 611 678 713 790 5
Glyph 22312 Width 0 27 0 713 678 813 790 5
Glyph 22320 Width 0 27 0 813 678 915 790 5
Glyph 22330 Width 0 27 0 915 678 1016 790 5
Glyph 22351 Width 0 27 0 0 791 104 903 5
Glyph 22352 Width 0 27 0 104 791 206 903 5
Glyph 22353 Width 0 27 0 206 791 309 903 5
Glyph 22359 Width 0 27 0 309 791 411 903 5
Glyph 22362 Width 0 27 0 411 791 513 903 5
Glyph 22363 Width 0 27 0 513 791 615 903 5
Glyph 22402 Width 0 27 0 615 791 717 903 5
Glyph 22411 Width 0 27 0 717 791 819 903 5
Glyph 22475 Width 0 27 0 819 791 920 903 5
Glyph 22495 Width 0 27 0 920 791 1022 903 5
Glyph 22522 Width 0 28 0 0 904 102 1016 5
Glyph 22530 Width 0 27 0 102 904 204 1016 5
Glyph 22570 Width 0 27 0 204 904 306 1016 5
Glyph 22581 Width 0 27 0 306 904 407 1016 5
Glyph 22612 Width 0 28 0 407 904 511 1016 5
Glyph 22635 Width 0 27 0 511 904 613 1016 5
Glyph 22659 Width 0 28 0 613 904 716 1016 5
Glyph 22675 Width 0 27 0 716 904 818 1016 5
Glyph 22681 Width 0 27 0 818 904 919 1016 5
Glyph 22686 Width 0 27 0 919 904 1020 1016 5
Glyph 22721 Width 0 27 0 0 0 102 112 6
Glyph 22763 Width 0 27 0 102 0 203 112 6
Glyph 22768 Width 0 27 0 203 0 304 112 6
Glyph 22774 Width 0 27 0 304 0 406 112 6
Glyph 22788 Width 0 28 0 406 0 509 112 6
Glyph 22791 Width 0 27 0 509 0 612 112 6
Glyph 22797 Width 0 26 0 612 0 713 112 6
Glyph 22806 Width 0 28 0 713 0 815 112 6
Glyph 22810 Width 0 27 0 815 0 915 112 6
Glyph 22812 Width 0 27 0 915 0 1018 112 6
Glyph 22815 Width 0 27 0 0 113 101 225 6
Glyph 22823 Width 0 26 0 101 113 200 225 6
Glyph 22825 Width 0 27 0 200 113 303 225 6
Glyph 22826 Width 0 28 0 303 113 407 225 6
Glyph 22827 Width 0 27 0 407 113 508 225 6
Glyph 22833 Width 0 27 0 508 113 609 225 6
Glyph 22836 Width 0 26 0 609 113 708 225 6
Glyph 22840 Width 0 28 0 708 113 810 225 6
Glyph 22841 Width 0 27 0 810 113 912 225 6
Glyph 22842 Width 0 27 0 912 113 1014 225 6
Glyph 22855 Width 0 27 0 0 226 101 338 6
Glyph 22859 Width 0 27 0 101 226 203 338 6
Glyph 22865 Width 0 27 0 203 226 304 338 6
Glyph 22870 Width 0 27 0 304 226 406 338 6
Glyph 22871 Width 0 28 0 406 226 508 338 6
Glyph 22885 Width 0 27 0 508 226 610 338 6
Glyph 22899 Width 0 27 0 610 226 712 338 6
Glyph 22902 Width 0 27 0 712 226 813 338 6
Glyph 22905 Width 0 27 0 813 226 915 338 6
Glyph 22909 Width 0 27 0 915 226 1016 338 6
Glyph 22914 Width 0 26 0 0 339 99 451 6
Glyph 22937 Width 0 28 0 99 339 202 451 6
Glyph 22949 Width 0 27 0 202 339 304 451 6
Glyph 22952 Width 0 27 0 304 339 405 451 6
Glyph 22958 Width 0 27 0 405 339 506 451 6
Glyph 22969 Width 0 27 0 506 339 609 451 6
Glyph 22987 Width 0 27 0 609 339 712 451 6
Glyph 22992 Width 0 27 0 712 339 813 451 6
Glyph 23041 Width 0 27 0 813 339 915 451 6
Glyph 23043 Width 0 27 0 915 339 1016 451 6
Glyph 23068 Width 0 27 0 0 452 102 564 6
Glyph 23092 Width 0 27 0 102 452 204 564 6
Glyph 23146 Width 0 27 0 204 452 306 564 6
Glyph 23244 Width 0 27 0 306 452 408 564 6
Glyph 23376 Width 0 26 0 408 452 509 564 6
Glyph 23383 Width 0 27 0 509 452 610 564 6
Glyph 23384 Width 0 27 0 610 452 710 564 6
Glyph 23396 Width 0 27 0 710 452 813 564 6
Glyph 23398 Width 0 27 0 813 452 913 564 6
Glyph 23401 Width 0 27 0 913 452 1015 564 6
Glyph 23427 Width 0 27 0 0 565 101 677 6
Glyph 23429 Width 0 27 0 101 565 202 677 6
Glyph 23431 Width 0 27 0 202 565 303 677 6
Glyph 23432 Width 0 27 0 303 565 404 677 6
Glyph 23433 Width 0 27 0 404 565 505 677 6
Glyph 23436 Width 0 27 0 505 565 606 677 6
Glyph 23449 Width 0 27 0 606 565 707 677 6
Glyph 23450 Width 0 28 0 707 565 810 677 6
Glyph 23452 Width 0 27 0 810 565 911 677 6
Glyph 23453 Width 0 27 0 911 565 1013 677 6
Glyph 23454 Width 0 27 0 0 678 101 790 6
Glyph 23456 Width 0 27 0 101 678 202 790 6
Glyph 23458 Width 0 27 0 202 678 304 790 6
Glyph 23460 Width 0 27 0 304 678 406 790 6
Glyph 23467 Width 0 27 0 406 678 507 790 6
Glyph 23475 Width 0 27 0 507 678 608 790 6
Glyph 23478 Width 0 27 0 608 678 710 790 6
Glyph 23481 Width 0 27 0 710 678 812 790 6
Glyph 23485 Width 0 27 0 812 678 914 790 6
Glyph 23490 Width 0 27 0 914 678 1015 790 6
Glyph 23494 Width 0 27 0 0 791 102 903 6
Glyph 23500 Width 0 27 0 102 791 204 903 6
Glyph 23506 Width 0 27 0 204 791 307 903 6
Glyph 23517 Width 0 27 0 307 791 408 903 6
Glyph 23519 Width 0 27 0 408 791 511 903 6
Glyph 23544 Width 0 26 0 511 791 611 903 6
Glyph 23545 Width 0 27 0 611 791 712 903 6
Glyph 23547 Width 0 27 0 712 791 814 903 6
Glyph 23553 Width 0 27 0 814 791 916 903 6
Glyph 23556 Width 0 27 0 916 791 1018 903 6
Glyph 23558 Width 0 27 0 0 904 100 1016 6
Glyph 23567 Width 0 27 0 100 904 203 1016 6
Glyph 23569 Width 0 27 0 203 904 307 1016 6
Glyph 23572 Width 0 27 0 307 904 408 1016 6
Glyph 23574 Width 0 27 0 408 904 510 1016 6
Glyph 23576 Width 0 27 0 510 904 612 1016 6
Glyph 23581 Width 0 27 0 612 904 714 1016 6
Glyph 23601 Width 0 27 0 714 904 816 1016 6
Glyph 23608 Width 0 27 0 816 904 918 1016 6
Glyph 23610 Width 0 27 0 918 904 1021 1016 6
Glyph 23613 Width 0 27 0 0 0 102 112 7
Glyph 23616 Width 0 27 0 102 0 204 112 7
Glyph 23618 Width 0 27 0 204 0 305 112 7
Glyph 23621 Width 0 27 0 305 0 406 112 7
Glyph 23625 Width 0 27 0 406 0 507 112 7
Glyph 23627 Width 0 27 0 507 0 608 112 7
Glyph 23631 Width 0 27 0 608 0 709 112 7
Glyph 23637 Width 0 28 0 709 0 812 112 7
Glyph 23653 Width 0 27 0 812 0 915 112 7
Glyph 23665 Width 0 27 0 915 0 1018 112 7
Glyph 23777 Width 0 27 0 0 113 102 225 7
Glyph 24034 Width 0 26 0 102 113 202 225 7
Glyph 24037 Width 0 26 0 202 113 241 225 7
Glyph 24038 Width 0 27 0 302 113 403 225 7
Glyph 24039 Width 0 27 0 403 113 505 225 7
Glyph 24040 Width 0 26 0 505 113 604 225 7
Glyph 24043 Width 0 27 0 604 113 706 225 7
Glyph 24046 Width 0 27 0 706 113 807 225 7
Glyph 24049 Width 0 26 0 807 113 909 225 7
Glyph 24050 Width 0 27 0 909 113 1011 225 7
Glyph 24065 Width 0 25 0 0 226 97 338 7
Glyph 24067 Width 0 28 0 97 226 198 338 7
Glyph 24069 Width 0 27 0 198 226 299 338 7
Glyph 24072 Width 0 27 0 299 226 401 338 7
Glyph 24076 Width 0 27 0 401 226 502 338 7
Glyph 24102 Width 0 27 0 502 226 604 338 7
Glyph 24110 Width 0 26 0 604 226 705 338 7
Glyph 24120 Width 0 27 0 705 226 807 338 7
Glyph 24125 Width 0 27 0 807 226 908 338 7
Glyph 24149 Width 0 27 0 908 226 1010 338 7
Glyph 24178 Width 0 27 0 0 339 101 451 7
Glyph 24179 Width 0 26 0 101 339 201 451 7
Glyph 24180 Width 0 27 0 201 339 303 451 7
Glyph 24182 Width 0 27 0 303 339 405 451 7
Glyph 24184 Width 0 27 0 405 339 506 451 7
Glyph 24187 Width 0 26 0 506 339 606 451 7
Glyph 24189 Width 0 27 0 606 339 708 451 7
Glyph 24202 Width 0 27 0 708 339 810 451 7
Glyph 24211 Width 0 27 0 810 339 911 451 7
Glyph 24212 Width 0 27 0 911 339 1013 451 7
Glyph 24213 Width 0 27 0 0 452 103 564 7
Glyph 24222 Width 0 27 0 103 452 205 564 7
Glyph 24230 Width 0 27 0 205 452 307 564 7
Glyph 24231 Width 0 27 0 307 452 409 564 7
Glyph 24237 Width 0 27 0 409 452 511 564 7
Glyph 24266 Width 0 27 0 511 452 613 564 7
Glyph 24310 Width 0 27 0 613 452 714 564 7
Glyph 24314 Width 0 27 0 714 452 816 564 7
Glyph 24320 Width 0 26 0 816 452 915 564 7
Glyph 24322 Width 0 27 0 915 452 1017 564 7
Glyph 24323 Width 0 27 0 0 565 102 677 7
Glyph 24324 Width 0 26 0 102 565 202 677 7
Glyph 24335 Width 0 27 0 202 565 303 677 7
Glyph 24341 Width 0 26 0 303 565 401 677 7
Glyph 24352 Width 0 27 0 401 565 503 677 7
Glyph 24367 Width 0 27 0 503 565 605 677 7
Glyph 24369 Width 0 27 0 605 565 706 677 7
Glyph 24377 Width 0 27 0 706 565 807 677 7
Glyph 24378 Width 0 27 0 807 565 910 677 7
Glyph 24402 Width 0 27 0 910 565 1010 677 7
Glyph 24403 Width 0 26 0 0 678 99 790 7
Glyph 24405 Width 0 27 0 99 678 200 790 7
Glyph 24418 Width 0 27 0 200 678 302 790 7
Glyph 24425 Width 0 27 0 302 678 405 790 7
Glyph 24433 Width 0 27 0 405 678 508 790 7
Glyph 24443 Width 0 27 0 508 678 609 790 7
Glyph 24448 Width 0 27 0 609 678 711 790 7
Glyph 24453 Width 0 27 0 711 678 812 790 7
Glyph 24456 Width 0 27 0 812 678 914 790 7
Glyph 24458 Width 0 27 0 914 678 1016 790 7
Glyph 24471 Width 0 27 0 0 791 101 903 7
Glyph 24472 Width 0 27 0 101 791 202 903 7
Glyph 24494 Width 0 27 0 202 791 304 903 7
Glyph 24515 Width 0 28 0 304 791 408 903 7
Glyph 24517 Width 0 27 0 408 791 510 903 7
Glyph 24525 Width 0 28 0 510 791 613 903 7
Glyph 24528 Width 0 27 0 613 791 715 903 7
Glyph 24529 Width 0 27 0 715 791 817 903 7
Glyph 24536 Width 0 27 0 817 791 920 903 7
Glyph 24537 Width 0 27 0 920 791 1022 903 7
Glyph 24555 Width 0 28 0 0 904 103 1016 7
Glyph 24565 Width 0 27 0 103 904 206 1016 7
Glyph 24576 Width 0 28 0 206 904 310 1016 7
Glyph 24577 Width 0 27 0 310 904 412 1016 7
Glyph 24590 Width 0 27 0 412 904 515 1016 7
Glyph 24594 Width 0 27 0 515 904 617 1016 7
Glyph 24597 Width 0 27 0 617 904 717 1016 7
Glyph 24598 Width 0 27 0 717 904 819 1016 7
Glyph 24605 Width 0 28 0 819 0904 922 1016 7
Glyph 24613 Width 0 28 0 0 0 105 112 8
Glyph 24615 Width 0 27 0 105 0 207 112 8
Glyph 24616 Width 0 28 0 207 0 310 112 8
Glyph 24618 Width 0 27 0 310 0 413 112 8
Glyph 24635 Width 0 27 0 413 0 515 112 8
Glyph 24656 Width 0 28 0 515 0 619 112 8
Glyph 24661 Width 0 27 0 619 0 722 112 8
Glyph 24665 Width 0 27 0 722 0 825 112 8
Glyph 24674 Width 0 27 0 825 0 927 112 8
Glyph 24680 Width 0 27 0 0 113 101 225 8
Glyph 24687 Width 0 27 0 101 113 204 225 8
Glyph 24694 Width 0 27 0 204 113 306 225 8
Glyph 24700 Width 0 27 0 306 113 407 225 8
Glyph 24717 Width 0 27 0 407 113 510 225 8
Glyph 24724 Width 0 27 0 510 113 613 225 8
Glyph 24730 Width 0 27 0 613 113 716 225 8
Glyph 24736 Width 0 27 0 716 113 819 225 8
Glyph 24744 Width 0 27 0 819 113 921 225 8
Glyph 24773 Width 0 27 0 921 113 1022 225 8
Glyph 24778 Width 0 27 0 0 226 101 338 8
Glyph 24785 Width 0 27 0 101 226 203 338 8
Glyph 24796 Width 0 27 0 203 226 305 338 8
Glyph 24807 Width 0 27 0 305 226 407 338 8
Glyph 24808 Width 0 27 0 407 226 510 338 8
Glyph 24815 Width 0 27 0 510 226 613 338 8
Glyph 24819 Width 0 27 0 613 226 717 338 8
Glyph 24825 Width 0 28 0 717 226 819 338 8
Glyph 24841 Width 0 28 0 819 226 922 338 8
Glyph 24847 Width 0 27 0 0 339 104 451 8
Glyph 24863 Width 0 27 0 104 339 207 451 8
Glyph 24868 Width 0 27 0 207 339 309 451 8
Glyph 24871 Width 0 27 0 309 339 411 451 8
Glyph 24895 Width 0 27 0 411 339 513 451 8
Glyph 24908 Width 0 27 0 513 339 615 451 8
Glyph 24910 Width 0 27 0 615 339 717 451 8
Glyph 24930 Width 0 27 0 717 339 819 451 8
Glyph 25022 Width 0 27 0 819 339 922 451 8
Glyph 25042 Width 0 27 0 0 452 103 564 8
Glyph 25103 Width 0 27 0 103 452 204 564 8
Glyph 25104 Width 0 27 0 204 452 305 564 8
Glyph 25105 Width 0 27 0 305 452 407 564 8
Glyph 25110 Width 0 27 0 407 452 509 564 8
Glyph 25112 Width 0 27 0 509 452 611 564 8
Glyph 25140 Width 0 27 0 611 452 715 564 8
Glyph 25143 Width 0 26 0 715 452 814 564 8
Glyph 25151 Width 0 27 0 814 452 913 564 8
Glyph 25152 Width 0 27 0 913 452 1014 564 8
Glyph 25159 Width 0 27 0 0 565 100 677 8
Glyph 25163 Width 0 27 0 100 565 202 677 8
Glyph 25165 Width 0 27 0 202 565 301 677 8
Glyph 25171 Width 0 27 0 301 565 403 677 8
Glyph 25172 Width 0 27 0 403 565 505 677 8
Glyph 25176 Width 0 27 0 505 565 607 677 8
Glyph 25191 Width 0 27 0 607 565 709 677 8
Glyph 25193 Width 0 27 0 709 565 811 677 8
Glyph 25195 Width 0 27 0 811 565 912 677 8
Glyph 25198 Width 0 27 0 912 565 1014 677 8
Glyph 25200 Width 0 27 0 0 678 102 790 8
Glyph 25203 Width 0 27 0 102 678 204 790 8
Glyph 25214 Width 0 27 0 204 678 306 790 8
Glyph 25216 Width 0 27 0 306 678 408 790 8
Glyph 25226 Width 0 27 0 408 678 510 790 8
Glyph 25233 Width 0 27 0 510 678 611 790 8
Glyph 25235 Width 0 27 0 611 678 714 790 8
Glyph 25237 Width 0 27 0 714 678 816 790 8
Glyph 25238 Width 0 27 0 816 678 918 790 8
Glyph 25239 Width 0 27 0 918 678 1021 790 8
Glyph 25240 Width 0 27 0 0 791 102 903 8
Glyph 25243 Width 0 28 0 102 791 205 903 8
Glyph 25250 Width 0 27 0 205 791 308 903 8
Glyph 25252 Width 0 27 0 308 791 410 903 8
Glyph 25253 Width 0 27 0 410 791 512 903 8
Glyph 25265 Width 0 27 0 512 791 614 903 8
Glyph 25269 Width 0 28 0 614 791 717 903 8
Glyph 25277 Width 0 27 0 717 791 818 903 8
Glyph 25285 Width 0 27 0 818 791 920 903 8
Glyph 25286 Width 0 27 0 920 791 1022 903 8
Glyph 25289 Width 0 27 0 0 904 102 1016 8
Glyph 25293 Width 0 27 0 102 904 202 1016 8
Glyph 25298 Width 0 27 0 202 904 303 1016 8
Glyph 25302 Width 0 27 0 303 904 405 1016 8
Glyph 25308 Width 0 27 0 405 904 506 1016 8
Glyph 25317 Width 0 27 0 506 904 607 1016 8
Glyph 25319 Width 0 27 0 607 904 709 1016 8
Glyph 25320 Width 0 27 0 709 904 811 1016 8
Glyph 25321 Width 0 27 0 811 904 913 1016 8
Glyph 25331 Width 0 28 0 913 904 1015 1016 8
Glyph 25340 Width 0 27 0 0 0 102 112 9
Glyph 25341 Width 0 27 0 102 0 203 112 9
Glyph 25342 Width 0 28 0 203 0 307 112 9
Glyph 25343 Width 0 27 0 307 0 409 112 9
Glyph 25345 Width 0 27 0 409 0 511 112 9
Glyph 25351 Width 0 27 0 511 0 613 112 9
Glyph 25353 Width 0 28 0 613 0 716 112 9
Glyph 25361 Width 0 27 0 716 0 819 112 9
Glyph 25366 Width 0 27 0 819 0 921 112 9
Glyph 25377 Width 0 27 0 921 0 1023 112 9
Glyph 25380 Width 0 27 0 0 113 102 225 9
Glyph 25381 Width 0 27 0 102 113 204 225 9
Glyph 25387 Width 0 27 0 204 113 306 225 9
Glyph 25391 Width 0 27 0 306 113 408 225 9
Glyph 25402 Width 0 27 0 408 113 511 225 9
Glyph 25405 Width 0 27 0 511 113 613 225 9
Glyph 25417 Width 0 27 0 613 113 715 225 9
Glyph 25429 Width 0 27 0 715 113 817 225 9
Glyph 25439 Width 0 27 0 817 113 919 225 9
Glyph 25441 Width 0 27 0 919 113 1022 225 9
Glyph 25442 Width 0 27 0 0 226 101 338 9
Glyph 25443 Width 0 27 0 101 226 202 338 9
Glyph 25454 Width 0 27 0 202 226 305 338 9
Glyph 25463 Width 0 27 0 305 226 407 338 9
Glyph 25481 Width 0 27 0 407 226 509 338 9
Glyph 25484 Width 0 27 0 509 226 611 338 9
Glyph 25496 Width 0 27 0 611 226 713 338 9
Glyph 25506 Width 0 27 0 713 226 816 338 9
Glyph 25509 Width 0 27 0 816 226 918 338 9
Glyph 25511 Width 0 27 0 918 226 1020 338 9
Glyph 25512 Width 0 27 0 0 339 102 451 9
Glyph 25551 Width 0 27 0 102 339 205 451 9
Glyph 25552 Width 0 27 0 205 339 307 451 9
Glyph 25569 Width 0 27 0 307 339 409 451 9
Glyph 25588 Width 0 27 0 409 339 511 451 9
Glyph 25628 Width 0 28 0 511 339 614 451 9
Glyph 25630 Width 0 27 0 614 339 716 451 9
Glyph 25644 Width 0 28 0 716 339 819 451 9
Glyph 25645 Width 0 28 0 819 339 923 451 9
Glyph 25670 Width 0 27 0 0 452 103 564 9
Glyph 25671 Width 0 27 0 103 452 203 564 9
Glyph 25745 Width 0 27 0 203 452 305 564 9
Glyph 25749 Width 0 27 0 305 452 408 564 9
Glyph 25758 Width 0 27 0 408 452 510 564 9
Glyph 25773 Width 0 27 0 510 452 612 564 9
Glyph 25797 Width 0 28 0 612 452 714 564 9
Glyph 25805 Width 0 27 0 714 452 815 564 9
Glyph 25810 Width 0 28 0 815 452 918 564 9
Glyph 25830 Width 0 28 0 918 452 1022 564 9
Glyph 25856 Width 0 27 0 0 565 103 677 9
Glyph 25903 Width 0 27 0 103 565 205 677 9
Glyph 25910 Width 0 27 0 205 565 308 677 9
Glyph 25913 Width 0 27 0 308 565 410 677 9
Glyph 25915 Width 0 27 0 410 565 512 677 9
Glyph 25918 Width 0 27 0 512 565 613 677 9
Glyph 25925 Width 0 27 0 613 565 715 677 9
Glyph 25928 Width 0 27 0 715 565 816 677 9
Glyph 25932 Width 0 27 0 816 565 918 677 9
Glyph 25935 Width 0 27 0 918 565 1020 677 9
Glyph 25937 Width 0 28 0 0 678 104 790 9
Glyph 25945 Width 0 27 0 104 678 206 790 9
Glyph 25954 Width 0 27 0 206 678 309 790 9
Glyph 25955 Width 0 27 0 309 678 412 790 9
Glyph 25964 Width 0 27 0 412 678 513 790 9
Glyph 25968 Width 0 27 0 513 678 615 790 9
Glyph 25972 Width 0 27 0 615 678 717 790 9
Glyph 25991 Width 0 27 0 717 678 819 790 9
Glyph 26001 Width 0 27 0 819 678 921 790 9
Glyph 26007 Width 0 27 0 921 678 1023 790 9
Glyph 26009 Width 0 27 0 0 791 102 903 9
Glyph 26012 Width 0 27 0 102 791 203 903 9
Glyph 26029 Width 0 27 0 203 791 304 903 9
Glyph 26031 Width 0 27 0 304 791 405 903 9
Glyph 26032 Width 0 27 0 405 791 507 903 9
Glyph 26041 Width 0 26 0 507 791 607 903 9
Glyph 26045 Width 0 27 0 607 791 709 903 9
Glyph 26049 Width 0 27 0 709 791 811 903 9
Glyph 26059 Width 0 27 0 811 791 914 903 9
Glyph 26063 Width 0 27 0 914 791 1017 903 9
Glyph 26080 Width 0 27 0 0 904 102 1016 9
Glyph 26082 Width 0 27 0 102 904 205 1016 9
Glyph 26085 Width 0 25 0 205 904 301 1016 9
Glyph 26086 Width 0 26 0 301 904 402 1016 9
Glyph 26087 Width 0 26 0 402 904 500 1016 9
Glyph 26089 Width 0 26 0 500 904 601 1016 9
Glyph 26102 Width 0 27 0 601 904 702 1016 9
Glyph 26126 Width 0 26 0 702 904 801 1016 9
Glyph 26127 Width 0 26 0 801 904 903 1016 9
Glyph 26131 Width 0 26 0 903 904 1002 1016 9
Glyph 26143 Width 0 27 0 0 0 102 112 10
Glyph 26144 Width 0 27 0 102 0 202 112 10
Glyph 26159 Width 0 27 0 202 0 304 112 10
Glyph 26174 Width 0 27 0 304 0 406 112 10
Glyph 26179 Width 0 27 0 406 0 507 112 10
Glyph 26202 Width 0 27 0 507 0 609 112 10
Glyph 26222 Width 0 27 0 609 0 710 112 10
Glyph 26223 Width 0 27 0 710 0 812 112 10
Glyph 26230 Width 0 27 0 812 0 915 112 10
Glyph 26234 Width 0 27 0 915 0 1015 112 10
Glyph 26242 Width 0 27 0 0 113 102 225 10
Glyph 26247 Width 0 27 0 102 113 204 225 10
Glyph 26262 Width 0 27 0 204 113 306 225 10
Glyph 26263 Width 0 27 0 306 113 407 225 10
Glyph 26292 Width 0 28 0 407 113 511 225 10
Glyph 26352 Width 0 25 0 511 113 610 225 10
Glyph 26354 Width 0 26 0 610 113 709 225 10
Glyph 26356 Width 0 27 0 709 113 811 225 10
Glyph 26366 Width 0 25 0 811 113 909 225 10
Glyph 26367 Width 0 27 0 909 113 1010 225 10
Glyph 26368 Width 0 27 0 0 226 103 338 10
Glyph 26376 Width 0 24 0 103 226 197 338 10
Glyph 26377 Width 0 27 0 197 226 296 338 10
Glyph 26379 Width 0 26 0 296 226 395 338 10
Glyph 26381 Width 0 27 0 395 226 497 338 10
Glyph 26395 Width 0 27 0 497 226 599 338 10
Glyph 26397 Width 0 26 0 599 226 698 338 10
Glyph 26399 Width 0 26 0 698 226 798 338 10
Glyph 26408 Width 0 27 0 798 226 900 338 10
Glyph 26410 Width 0 27 0 900 226 1003 338 10
Glyph 26411 Width 0 27 0 0 339 103 451 10
Glyph 26412 Width 0 27 0 103 339 205 451 10
Glyph 26415 Width 0 27 0 205 339 307 451 10
Glyph 26421 Width 0 26 0 307 339 408 451 10
Glyph 26426 Width 0 27 0 408 339 511 451 10
Glyph 26434 Width 0 27 0 511 339 613 451 10
Glyph 26435 Width 0 27 0 613 339 716 451 10
Glyph 26438 Width 0 27 0 716 339 817 451 10
Glyph 26460 Width 0 27 0 817 339 919 451 10
Glyph 26463 Width 0 27 0 919 339 1021 451 10
Glyph 26465 Width 0 27 0 0 452 101 564 10
Glyph 26469 Width 0 27 0 101 452 203 564 10
Glyph 26480 Width 0 27 0 203 452 305 564 10
Glyph 26494 Width 0 28 0 305 452 408 564 10
Glyph 26495 Width 0 27 0 408 452 511 564 10
Glyph 26497 Width 0 28 0 511 452 613 564 10
Glyph 26512 Width 0 27 0 613 452 715 564 10
Glyph 26519 Width 0 27 0 715 452 818 564 10
Glyph 26524 Width 0 27 0 818 452 919 564 10
Glyph 26525 Width 0 27 0 919 452 1021 564 10
Glyph 26530 Width 0 27 0 0 565 101 677 10
Glyph 26564 Width 0 27 0 101 565 202 677 10
Glyph 26576 Width 0 27 0 202 565 303 677 10
Glyph 26579 Width 0 27 0 303 565 405 677 10
Glyph 26588 Width 0 27 0 405 565 507 677 10
Glyph 26597 Width 0 27 0 507 565 609 677 10
Glyph 26609 Width 0 27 0 609 565 711 677 10
Glyph 26631 Width 0 28 0 711 565 813 677 10
Glyph 26635 Width 0 28 0 813 565 915 677 10
Glyph 26641 Width 0 27 0 915 565 1016 677 10
Glyph 26679 Width 0 27 0 0 678 101 790 10
Glyph 26681 Width 0 27 0 101 678 202 790 10
Glyph 26684 Width 0 27 0 202 678 303 790 10
Glyph 26694 Width 0 28 0 303 678 405 790 10
Glyph 26723 Width 0 27 0 405 678 506 790 10
Glyph 26728 Width 0 27 0 506 678 607 790 10
Glyph 26753 Width 0 27 0 607 678 711 790 10
Glyph 26790 Width 0 27 0 711 678 813 790 10
Glyph 26799 Width 0 27 0 813 678 915 790 10
Glyph 26800 Width 0 27 0 915 678 1017 790 10
Glyph 26816 Width 0 28 0 0 791 102 903 10
Glyph 26834 Width 0 28 0 102 791 205 903 10
Glyph 26840 Width 0 27 0 205 791 308 903 10
Glyph 26862 Width 0 27 0 308 791 411 903 10
Glyph 26869 Width 0 27 0 411 791 514 903 10
Glyph 26885 Width 0 27 0 514 791 616 903 10
Glyph 26893 Width 0 27 0 616 791 717 903 10
Glyph 26970 Width 0 27 0 717 791 820 903 10
Glyph 27004 Width 0 27 0 820 791 922 903 10
Glyph 27010 Width 0 27 0 922 791 1024 903 10
Glyph 27169 Width 0 27 0 0 904 102 1016 10
Glyph 27178 Width 0 27 0 102 904 203 1016 10
Glyph 27224 Width 0 27 0 203 904 304 1016 10
Glyph 27249 Width 0 27 0 304 904 406 1016 10
Glyph 27425 Width 0 27 0 406 904 508 1016 10
Glyph 27426 Width 0 27 0 508 904 609 1016 10
Glyph 27431 Width 0 27 0 609 904 711 1016 10
Glyph 27450 Width 0 27 0 711 904 812 1016 10
Glyph 27465 Width 0 28 0 812 904 914 1016 10
Glyph 27490 Width 0 27 0 914 904 1016 1016 10
Glyph 27491 Width 0 27 0 0 0 102 112 11
Glyph 27492 Width 0 27 0 102 0 203 112 11
Glyph 27493 Width 0 27 0 203 0 304 112 11
Glyph 27494 Width 0 27 0 304 0 406 112 11
Glyph 27515 Width 0 27 0 406 0 508 112 11
Glyph 27530 Width 0 27 0 508 0 611 112 11
Glyph 27531 Width 0 27 0 611 0 714 112 11
Glyph 27573 Width 0 27 0 714 0 816 112 11
Glyph 27583 Width 0 27 0 816 0 919 112 11
Glyph 27585 Width 0 27 0 919 0 1022 112 11
Glyph 27599 Width 0 27 0 0 113 102 225 11
Glyph 27604 Width 0 26 0 102 113 203 225 11
Glyph 27605 Width 0 27 0 203 113 305 225 11
Glyph 27611 Width 0 27 0 305 113 407 225 11
Glyph 27627 Width 0 27 0 407 113 509 225 11
Glyph 27631 Width 0 27 0 509 113 611 225 11
Glyph 27663 Width 0 27 0 611 113 714 225 11
Glyph 27668 Width 0 27 0 714 113 816 225 11
Glyph 27675 Width 0 27 0 816 113 918 225 11
Glyph 27700 Width 0 28 0 918 113 1020 225 11
Glyph 27713 Width 0 27 0 0 226 101 338 11
Glyph 27714 Width 0 27 0 101 226 204 338 11
Glyph 27719 Width 0 27 0 204 226 306 338 11
Glyph 27735 Width 0 27 0 306 226 407 338 11
Glyph 27744 Width 0 27 0 407 226 509 338 11
Glyph 27745 Width 0 27 0 509 226 610 338 11
Glyph 27785 Width 0 27 0 610 226 712 338 11
Glyph 27801 Width 0 27 0 712 226 815 338 11
Glyph 27803 Width 0 27 0 815 226 916 338 11
Glyph 27809 Width 0 27 0 916 226 1017 338 11
Glyph 27827 Width 0 27 0 0 339 100 451 11
Glyph 27833 Width 0 27 0 100 339 201 451 11
Glyph 27835 Width 0 27 0 201 339 304 451 11
Glyph 27861 Width 0 27 0 304 339 406 451 11
Glyph 27873 Width 0 27 0 406 339 508 451 11
Glyph 27874 Width 0 27 0 508 339 609 451 11
Glyph 27880 Width 0 27 0 609 339 711 451 11
Glyph 27891 Width 0 27 0 711 339 813 451 11
Glyph 27893 Width 0 27 0 813 339 915 451 11
Glyph 27915 Width 0 27 0 915 339 1017 451 11
Glyph 27927 Width 0 27 0 0 452 101 564 11
Glyph 27934 Width 0 26 0 101 452 201 564 11
Glyph 27963 Width 0 27 0 201 452 302 564 11
Glyph 27966 Width 0 27 0 302 452 403 564 11
Glyph 27969 Width 0 27 0 403 452 506 564 11
Glyph 27979 Width 0 27 0 506 452 606 564 11
Glyph 27982 Width 0 26 0 606 452 707 564 11
Glyph 28014 Width 0 27 0 707 452 808 564 11
Glyph 28020 Width 0 27 0 808 452 911 564 11
Glyph 28023 Width 0 27 0 911 452 1014 564 11
Glyph 28040 Width 0 27 0 0 565 101 677 11
Glyph 28044 Width 0 27 0 101 565 202 677 11
Glyph 28145 Width 0 27 0 202 565 303 677 11
Glyph 28151 Width 0 27 0 303 565 405 677 11
Glyph 28155 Width 0 27 0 405 565 507 677 11
Glyph 28165 Width 0 27 0 507 565 608 677 11
Glyph 28176 Width 0 27 0 608 565 710 677 11
Glyph 28192 Width 0 27 0 710 565 812 677 11
Glyph 28193 Width 0 27 0 812 565 913 677 11
Glyph 28201 Width 0 27 0 913 565 1015 677 11
Glyph 28216 Width 0 27 0 0 678 101 790 11
Glyph 28304 Width 0 27 0 101 678 204 790 11
Glyph 28316 Width 0 27 0 204 678 305 790 11
Glyph 28330 Width 0 27 0 305 678 408 790 11
Glyph 28378 Width 0 27 0 408 678 510 790 11
Glyph 28385 Width 0 27 0 510 678 612 790 11
Glyph 28418 Width 0 27 0 612 678 714 790 11
Glyph 28436 Width 0 27 0 714 678 815 790 11
Glyph 28459 Width 0 27 0 815 678 916 790 11
Glyph 28508 Width 0 28 0 916 678 1018 790 11
Glyph 28526 Width 0 27 0 0 791 101 903 11
Glyph 28608 Width 0 27 0 101 791 203 903 11
Glyph 28779 Width 0 26 0 203 791 303 903 11
Glyph 28781 Width 0 27 0 303 791 404 903 11
Glyph 28783 Width 0 27 0 404 791 506 903 11
Glyph 28789 Width 0 25 0 506 791 603 903 11
Glyph 28809 Width 0 27 0 603 791 704 903 11
Glyph 28856 Width 0 27 0 704 791 805 903 11
Glyph 28857 Width 0 27 0 805 791 907 903 11
Glyph 28866 Width 0 27 0 907 791 1009 903 11
Glyph 28872 Width 0 28 0 0 904 103 1016 11
Glyph 28902 Width 0 27 0 103 904 204 1016 11
Glyph 28909 Width 0 27 0 204 904 307 1016 11
Glyph 28954 Width 0 27 0 307 904 409 1016 11
Glyph 28982 Width 0 28 0 409 904 511 1016 11
Glyph 29031 Width 0 27 0 511 904 613 1016 11
Glyph 29087 Width 0 27 0 613 904 715 1016 11
Glyph 29157 Width 0 27 0 715 904 818 1016 11
Glyph 29190 Width 0 28 0 818 904 921 1016 11
Glyph 29233 Width 0 27 0 921 904 1023 1016 11
Glyph 29239 Width 0 27 0 0 0 102 112 12
Glyph 29245 Width 0 27 0 102 0 205 112 12
Glyph 29255 Width 0 26 0 205 0 304 112 12
Glyph 29256 Width 0 27 0 304 0 407 112 12
Glyph 29275 Width 0 27 0 407 0 509 112 12
Glyph 29282 Width 0 27 0 509 0 610 112 12
Glyph 29289 Width 0 27 0 610 0 711 112 12
Glyph 29305 Width 0 27 0 711 0 813 112 12
Glyph 29356 Width 0 27 0 813 0 915 112 12
Glyph 29359 Width 0 27 0 915 0 1016 112 12
Glyph 29366 Width 0 27 0 0 113 103 225 12
Glyph 29367 Width 0 27 0 103 113 204 225 12
Glyph 29369 Width 0 27 0 204 113 305 225 12
Glyph 29378 Width 0 27 0 305 113 406 225 12
Glyph 29384 Width 0 27 0 406 113 508 225 12
Glyph 29399 Width 0 27 0 508 113 610 225 12
Glyph 29408 Width 0 27 0 610 113 712 225 12
Glyph 29417 Width 0 27 0 712 113 814 225 12
Glyph 29420 Width 0 27 0 814 113 916 225 12
Glyph 29421 Width 0 27 0 916 113 1017 225 12
Glyph 29425 Width 0 27 0 0 226 102 338 12
Glyph 29436 Width 0 27 0 102 226 204 338 12
Glyph 29454 Width 0 27 0 204 226 306 338 12
Glyph 29467 Width 0 27 0 306 226 407 338 12
Glyph 29572 Width 0 27 0 407 226 509 338 12
Glyph 29575 Width 0 27 0 509 226 610 338 12
Glyph 29577 Width 0 26 0 610 226 710 338 12
Glyph 29579 Width 0 26 0 710 226 810 338 12
Glyph 29609 Width 0 27 0 810 226 912 338 12
Glyph 29615 Width 0 28 0 912 226 1015 338 12
Glyph 29616 Width 0 27 0 0 339 103 451 12
Glyph 29699 Width 0 28 0 103 339 206 451 12
Glyph 29702 Width 0 27 0 206 339 307 451 12
Glyph 29705 Width 0 27 0 307 339 409 451 12
Glyph 29748 Width 0 27 0 409 339 511 451 12
Glyph 29791 Width 0 27 0 511 339 613 451 12
Glyph 29827 Width 0 27 0 613 339 715 451 12
Glyph 29916 Width 0 27 0 715 339 816 451 12
Glyph 29922 Width 0 28 0 816 339 919 451 12
Glyph 29923 Width 0 27 0 919 339 1020 451 12
Glyph 29926 Width 0 27 0 0 452 102 564 12
Glyph 29980 Width 0 27 0 102 452 204 564 12
Glyph 29983 Width 0 27 0 204 452 306 564 12
Glyph 29992 Width 0 26 0 306 452 405 564 12
Glyph 30000 Width 0 26 0 405 452 505 564 12
Glyph 30001 Width 0 27 0 505 452 606 564 12
Glyph 30002 Width 0 26 0 606 452 705 564 12
Glyph 30005 Width 0 26 0 705 452 807 564 12
Glyph 30007 Width 0 26 0 807 452 907 564 12
Glyph 30011 Width 0 26 0 907 452 1008 564 12
Glyph 30028 Width 0 27 0 0 565 102 677 12
Glyph 30041 Width 0 26 0 102 565 203 677 12
Glyph 30097 Width 0 27 0 203 565 304 677 12
Glyph 30103 Width 0 27 0 304 565 404 677 12
Glyph 30127 Width 0 27 0 404 565 505 677 12
Glyph 30140 Width 0 27 0 505 565 607 677 12
Glyph 30151 Width 0 27 0 607 565 709 677 12
Glyph 30162 Width 0 27 0 709 565 811 677 12
Glyph 30171 Width 0 27 0 811 565 912 677 12
Glyph 30331 Width 0 28 0 912 565 1015 677 12
Glyph 30333 Width 0 26 0 0 678 99 790 12
Glyph 30334 Width 0 26 0 99 678 197 790 12
Glyph 30340 Width 0 27 0 197 678 298 790 12
Glyph 30382 Width 0 27 0 298 678 399 790 12
Glyph 30406 Width 0 27 0 399 678 502 790 12
Glyph 30417 Width 0 27 0 502 678 604 790 12
Glyph 30420 Width 0 27 0 604 678 706 790 12
Glyph 30422 Width 0 27 0 706 678 807 790 12
Glyph 30423 Width 0 27 0 807 678 909 790 12
Glyph 30424 Width 0 27 0 909 678 1011 790 12
Glyph 30446 Width 0 25 0 0 791 98 903 12
Glyph 30447 Width 0 27 0 98 791 199 903 12
Glyph 30452 Width 0 27 0 199 791 300 903 12
Glyph 30456 Width 0 27 0 300 791 402 903 12
Glyph 30475 Width 0 27 0 402 791 504 903 12
Glyph 30495 Width 0 27 0 504 791 606 903 12
Glyph 30524 Width 0 27 0 606 791 708 903 12
Glyph 30528 Width 0 27 0 708 791 809 903 12
Glyph 30555 Width 0 27 0 809 791 910 903 12
Glyph 30561 Width 0 27 0 910 791 1011 903 12
Glyph 30566 Width 0 27 0 0 904 103 1016 12
Glyph 30596 Width 0 27 0 103 904 204 1016 12
Glyph 30604 Width 0 27 0 204 904 305 1016 12
Glyph 30636 Width 0 27 0 305 904 407 1016 12
Glyph 30693 Width 0 26 0 407 904 506 1016 12
Glyph 30699 Width 0 27 0 506 904 608 1016 12
Glyph 30707 Width 0 27 0 608 904 709 1016 12
Glyph 30719 Width 0 27 0 709 904 810 1016 12
Glyph 30740 Width 0 27 0 810 904 912 1016 12
Glyph 30772 Width 0 27 0 912 904 1015 1016 12
Glyph 30782 Width 0 27 0 0 0 103 112 13
Glyph 30830 Width 0 27 0 103 0 204 112 13
Glyph 30861 Width 0 27 0 204 0 306 112 13
Glyph 30862 Width 0 27 0 306 0 408 112 13
Glyph 30896 Width 0 27 0 408 0 509 112 13
Glyph 30910 Width 0 28 0 509 0 612 112 13
Glyph 31034 Width 0 27 0 612 0 714 112 13
Glyph 31036 Width 0 27 0 714 0 813 112 13
Glyph 31062 Width 0 27 0 813 0 914 112 13
Glyph 31069 Width 0 27 0 914 0 1016 112 13
Glyph 31070 Width 0 27 0 0 113 102 225 13
Glyph 31071 Width 0 27 0 102 113 203 225 13
Glyph 31077 Width 0 27 0 203 113 305 225 13
Glyph 31085 Width 0 28 0 305 113 408 225 13
Glyph 31163 Width 0 27 0 408 113 510 225 13
Glyph 31181 Width 0 27 0 510 113 612 225 13
Glyph 31185 Width 0 27 0 612 113 714 225 13
Glyph 31192 Width 0 27 0 714 113 817 225 13
Glyph 31215 Width 0 28 0 817 113 920 225 13
Glyph 31216 Width 0 27 0 920 113 1023 225 13
Glyph 31227 Width 0 27 0 0 226 103 338 13
Glyph 31232 Width 0 27 0 103 226 205 338 13
Glyph 31243 Width 0 27 0 205 226 306 338 13
Glyph 31245 Width 0 27 0 306 226 407 338 13
Glyph 31348 Width 0 27 0 407 226 508 338 13
Glyph 31350 Width 0 27 0 508 226 610 338 13
Glyph 31351 Width 0 27 0 610 226 711 338 13
Glyph 31354 Width 0 27 0 711 226 812 338 13
Glyph 31359 Width 0 27 0 812 226 913 338 13
Glyph 31361 Width 0 27 0 913 226 1015 338 13
Glyph 31364 Width 0 27 0 0 339 101 451 13
Glyph 31373 Width 0 27 0 101 339 203 451 13
Glyph 31377 Width 0 27 0 203 339 304 451 13
Glyph 31383 Width 0 27 0 304 339 405 451 13
Glyph 31391 Width 0 27 0 405 339 506 451 13
Glyph 31397 Width 0 27 0 506 339 607 451 13
Glyph 31435 Width 0 27 0 607 339 709 451 13
Glyph 31449 Width 0 27 0 709 339 810 451 13
Glyph 31455 Width 0 27 0 810 339 910 451 13
Glyph 31456 Width 0 27 0 910 339 1010 451 13
Glyph 31471 Width 0 27 0 0 452 101 564 13
Glyph 31505 Width 0 27 0 101 452 202 564 13
Glyph 31526 Width 0 27 0 202 452 303 564 13
Glyph 31532 Width 0 27 0 303 452 405 564 13
Glyph 31548 Width 0 27 0 405 452 507 564 13
Glyph 31561 Width 0 27 0 507 452 608 564 13
Glyph 31563 Width 0 27 0 608 452 709 564 13
Glyph 31569 Width 0 27 0 709 452 811 564 13
Glyph 31572 Width 0 27 0 811 452 914 564 13
Glyph 31616 Width 0 27 0 914 452 1016 564 13
Glyph 31639 Width 0 27 0 0 565 102 677 13
Glyph 31649 Width 0 27 0 102 565 203 677 13
Glyph 31665 Width 0 27 0 203 565 304 677 13
Glyph 31859 Width 0 26 0 304 565 403 677 13
Glyph 31867 Width 0 27 0 403 565 505 677 13
Glyph 31895 Width 0 27 0 505 565 607 677 13
Glyph 31896 Width 0 27 0 607 565 708 677 13
Glyph 31934 Width 0 27 0 708 565 810 677 13
Glyph 31946 Width 0 27 0 810 565 911 677 13
Glyph 31957 Width 0 27 0 911 565 1013 677 13
Glyph 31967 Width 0 27 0 0 678 102 790 13
Glyph 31995 Width 0 27 0 102 678 204 790 13
Glyph 32034 Width 0 27 0 204 678 306 790 13
Glyph 32039 Width 0 27 0 306 678 407 790 13
Glyph 32043 Width 0 27 0 407 678 508 790 13
Glyph 32047 Width 0 27 0 508 678 610 790 13
Glyph 32321 Width 0 27 0 610 678 712 790 13
Glyph 32418 Width 0 27 0 712 678 814 790 13
Glyph 32422 Width 0 27 0 814 678 915 790 13
Glyph 32423 Width 0 27 0 915 678 1018 790 13
Glyph 32426 Width 0 27 0 0 791 102 903 13
Glyph 32431 Width 0 27 0 102 791 205 903 13
Glyph 32437 Width 0 27 0 205 791 307 903 13
Glyph 32440 Width 0 27 0 307 791 409 903 13
Glyph 32441 Width 0 27 0 409 791 511 903 13
Glyph 32447 Width 0 27 0 511 791 613 903 13
Glyph 32451 Width 0 27 0 613 791 715 903 13
Glyph 32452 Width 0 27 0 715 791 817 903 13
Glyph 32454 Width 0 27 0 817 791 920 903 13
Glyph 32456 Width 0 27 0 920 791 1022 903 13
Glyph 32458 Width 0 27 0 0 904 102 1016 13
Glyph 32463 Width 0 27 0 102 904 204 1016 13
Glyph 32467 Width 0 27 0 204 904 304 1016 13
Glyph 32469 Width 0 27 0 304 904 406 1016 13
Glyph 32473 Width 0 27 0 406 904 509 1016 13
Glyph 32476 Width 0 27 0 509 904 611 1016 13
Glyph 32477 Width 0 27 0 611 904 713 1016 13
Glyph 32479 Width 0 27 0 713 904 816 1016 13
Glyph 32487 Width 0 27 0 816 904 918 1016 13
Glyph 32489 Width 0 27 0 918 904 1020 1016 13
Glyph 32490 Width 0 27 0 0 0 101 112 14
Glyph 32493 Width 0 27 0 101 0 203 112 14
Glyph 32500 Width 0 27 0 203 0 304 112 14
Glyph 32503 Width 0 27 0 304 0 405 112 14
Glyph 32511 Width 0 27 0 405 0 508 112 14
Glyph 32518 Width 0 27 0 508 0 610 112 14
Glyph 32531 Width 0 27 0 610 0 712 112 14
Glyph 32533 Width 0 27 0 712 0 814 112 14
Glyph 32536 Width 0 27 0 814 0 917 112 14
Glyph 32541 Width 0 27 0 917 0 1019 112 14
Glyph 32544 Width 0 27 0 0 113 101 225 14
Glyph 32553 Width 0 27 0 101 113 203 225 14
Glyph 32593 Width 0 27 0 203 113 304 225 14
Glyph 32597 Width 0 27 0 304 113 405 225 14
Glyph 32599 Width 0 26 0 405 113 504 225 14
Glyph 32617 Width 0 27 0 504 113 605 225 14
Glyph 32622 Width 0 27 0 605 113 706 225 14
Glyph 32654 Width 0 27 0 706 113 807 225 14
Glyph 32670 Width 0 27 0 807 113 908 225 14
Glyph 32676 Width 0 28 0 908 113 1010 225 14
Glyph 32701 Width 0 27 0 0 226 100 338 14
Glyph 32709 Width 0 27 0 79 226 201 338 14
Glyph 32768 Width 0 27 0 160 226 302 338 14
Glyph 32769 Width 0 28 0 241 226 405 338 14
Glyph 32771 Width 0 28 0 405 226 507 338 14
Glyph 32773 Width 0 28 0 507 226 609 338 14
Glyph 32780 Width 0 27 0 609 226 711 338 14
Glyph 32781 Width 0 27 0 711 226 813 338 14
Glyph 32784 Width 0 27 0 813 226 915 338 14
Glyph 32791 Width 0 27 0 915 226 1018 338 14
Glyph 32842 Width 0 27 0 0 339 102 451 14
Glyph 32852 Width 0 28 0 102 339 205 451 14
Glyph 32858 Width 0 26 0 205 339 305 451 14
Glyph 32905 Width 0 27 0 305 339 406 451 14
Glyph 32922 Width 0 27 0 406 339 507 451 14
Glyph 32928 Width 0 27 0 507 339 608 451 14
Glyph 32929 Width 0 27 0 608 339 710 451 14
Glyph 32933 Width 0 27 0 710 339 812 451 14
Glyph 32937 Width 0 26 0 812 339 912 451 14
Glyph 32943 Width 0 27 0 912 339 1014 451 14
Glyph 32960 Width 0 27 0 0 452 102 564 14
Glyph 32966 Width 0 27 0 102 452 204 564 14
Glyph 32972 Width 0 27 0 204 452 306 564 14
Glyph 32974 Width 0 27 0 306 452 409 564 14
Glyph 32982 Width 0 27 0 409 452 511 564 14
Glyph 32988 Width 0 27 0 511 452 613 564 14
Glyph 32990 Width 0 27 0 613 452 715 564 14
Glyph 33014 Width 0 27 0 715 452 817 564 14
Glyph 33021 Width 0 27 0 817 452 919 564 14
Glyph 33041 Width 0 27 0 919 452 1020 564 14
Glyph 33050 Width 0 27 0 0 565 101 677 14
Glyph 33073 Width 0 27 0 101 565 202 677 14
Glyph 33080 Width 0 27 0 202 565 304 677 14
Glyph 33136 Width 0 27 0 304 565 405 677 14
Glyph 33152 Width 0 27 0 405 565 507 677 14
Glyph 33192 Width 0 27 0 507 565 609 677 14
Glyph 33218 Width 0 27 0 609 565 710 677 14
Glyph 33258 Width 0 25 0 710 565 808 677 14
Glyph 33267 Width 0 27 0 808 565 910 677 14
Glyph 33268 Width 0 27 0 910 565 1011 677 14
Glyph 33300 Width 0 27 0 0 678 102 790 14
Glyph 33310 Width 0 27 0 102 678 204 790 14
Glyph 33322 Width 0 27 0 204 678 306 790 14
Glyph 33324 Width 0 27 0 306 678 409 790 14
Glyph 33329 Width 0 27 0 409 678 512 790 14
Glyph 33391 Width 0 26 0 512 678 614 790 14
Glyph 33394 Width 0 27 0 614 678 716 790 14
Glyph 33402 Width 0 27 0 716 678 818 790 14
Glyph 33406 Width 0 27 0 818 678 920 790 14
Glyph 33410 Width 0 27 0 920 678 1022 790 14
Glyph 33426 Width 0 27 0 0 791 102 903 14
Glyph 33436 Width 0 27 0 102 791 204 903 14
Glyph 33457 Width 0 27 0 204 791 306 903 14
Glyph 33485 Width 0 27 0 306 791 408 903 14
Glyph 33495 Width 0 27 0 408 791 510 903 14
Glyph 33510 Width 0 27 0 510 791 612 903 14
Glyph 33521 Width 0 27 0 612 791 714 903 14
Glyph 33539 Width 0 27 0 714 791 815 903 14
Glyph 33590 Width 0 27 0 815 791 917 903 14
Glyph 33609 Width 0 27 0 917 791 1019 903 14
Glyph 33618 Width 0 27 0 0 904 102 1016 14
Glyph 33633 Width 0 27 0 102 904 204 1016 14
Glyph 33673 Width 0 27 0 204 904 306 1016 14
Glyph 33683 Width 0 27 0 306 904 408 1016 14
Glyph 33707 Width 0 27 0 408 904 510 1016 14
Glyph 33719 Width 0 27 0 510 904 612 1016 14
Glyph 33738 Width 0 27 0 612 904 714 1016 14
Glyph 33756 Width 0 27 0 714 904 816 1016 14
Glyph 33821 Width 0 27 0 816 904 918 1016 14
Glyph 33853 Width 0 27 0 918 904 1020 1016 14
Glyph 33900 Width 0 27 0 0 0 102 112 15
Glyph 33909 Width 0 27 0 102 0 203 112 15
Glyph 33922 Width 0 27 0 203 0 305 112 15
Glyph 33988 Width 0 27 0 305 0 407 112 15
Glyph 34013 Width 0 27 0 407 0 509 112 15
Glyph 34067 Width 0 28 0 509 0 612 112 15
Glyph 34164 Width 0 27 0 612 0 714 112 15
Glyph 34174 Width 0 27 0 714 0 816 112 15
Glyph 34255 Width 0 29 0 816 0 921 112 15
Glyph 34382 Width 0 27 0 921 0 1023 112 15
Glyph 34385 Width 0 27 0 0 113 102 225 15
Glyph 34394 Width 0 27 0 102 113 204 225 15
Glyph 34411 Width 0 27 0 204 113 307 225 15
Glyph 34429 Width 0 27 0 307 113 410 225 15
Glyph 34507 Width 0 27 0 410 113 513 225 15
Glyph 34523 Width 0 28 0 513 113 616 225 15
Glyph 34558 Width 0 27 0 616 113 719 225 15
Glyph 34562 Width 0 27 0 719 113 821 225 15
Glyph 34579 Width 0 28 0 821 113 923 225 15
Glyph 34584 Width 0 27 0 0 226 102 338 15
Glyph 34588 Width 0 27 0 102 226 204 338 15
Glyph 34619 Width 0 27 0 204 226 305 338 15
Glyph 34631 Width 0 28 0 305 226 407 338 15
Glyph 34676 Width 0 27 0 407 226 508 338 15
Glyph 34678 Width 0 27 0 508 226 611 338 15
Glyph 34746 Width 0 27 0 611 226 714 338 15
Glyph 34892 Width 0 27 0 714 226 816 338 15
Glyph 34913 Width 0 27 0 816 226 918 338 15
Glyph 34915 Width 0 27 0 918 226 1018 338 15
Glyph 34917 Width 0 27 0 0 339 102 451 15
Glyph 34920 Width 0 27 0 102 339 203 451 15
Glyph 34955 Width 0 27 0 203 339 305 451 15
Glyph 34957 Width 0 27 0 305 339 407 451 15
Glyph 34966 Width 0 27 0 407 339 509 451 15
Glyph 34987 Width 0 27 0 509 339 611 451 15
Glyph 34989 Width 0 27 0 611 339 713 451 15
Glyph 35010 Width 0 27 0 713 339 815 451 15
Glyph 35013 Width 0 27 0 815 339 916 451 15
Glyph 35044 Width 0 27 0 916 339 1017 451 15
Glyph 35199 Width 0 27 0 0 452 102 564 15
Glyph 35201 Width 0 27 0 102 452 204 564 15
Glyph 35206 Width 0 27 0 204 452 306 564 15
Glyph 35265 Width 0 26 0 306 452 407 564 15
Glyph 35266 Width 0 27 0 407 452 509 564 15
Glyph 35268 Width 0 27 0 509 452 612 564 15
Glyph 35270 Width 0 27 0 612 452 714 564 15
Glyph 35273 Width 0 27 0 714 452 815 564 15
Glyph 35282 Width 0 26 0 815 452 913 564 15
Glyph 35299 Width 0 27 0 913 452 1014 564 15
Glyph 35302 Width 0 27 0 0 565 103 677 15
Glyph 35328 Width 0 26 0 103 565 204 677 15
Glyph 35745 Width 0 27 0 204 565 305 677 15
Glyph 35748 Width 0 27 0 305 565 406 677 15
Glyph 35752 Width 0 27 0 406 565 506 677 15
Glyph 35753 Width 0 27 0 506 565 608 677 15
Glyph 35757 Width 0 26 0 608 565 707 677 15
Glyph 35758 Width 0 27 0 707 565 808 677 15
Glyph 35759 Width 0 27 0 808 565 909 677 15
Glyph 35760 Width 0 27 0 909 565 1011 677 15
Glyph 35762 Width 0 27 0 0 678 102 790 15
Glyph 35768 Width 0 27 0 102 678 203 790 15
Glyph 35770 Width 0 27 0 203 678 305 790 15
Glyph 35773 Width 0 27 0 305 678 408 790 15
Glyph 35774 Width 0 27 0 408 678 510 790 15
Glyph 35776 Width 0 27 0 510 678 611 790 15
Glyph 35780 Width 0 27 0 611 678 711 790 15
Glyph 35781 Width 0 27 0 711 678 813 790 15
Glyph 35782 Width 0 28 0 813 678 916 790 15
Glyph 35785 Width 0 27 0 916 678 1017 790 15
Glyph 35797 Width 0 27 0 0 791 102 903 15
Glyph 35805 Width 0 27 0 102 791 204 903 15
Glyph 35810 Width 0 27 0 204 791 305 903 15
Glyph 35813 Width 0 27 0 305 791 407 903 15
Glyph 35814 Width 0 27 0 407 791 509 903 15
Glyph 35821 Width 0 27 0 509 791 611 903 15
Glyph 35823 Width 0 26 0 611 791 711 903 15
Glyph 35828 Width 0 27 0 711 791 813 903 15
Glyph 35830 Width 0 27 0 813 791 916 903 15
Glyph 35831 Width 0 27 0 916 791 1017 903 15
Glyph 35834 Width 0 27 0 0 904 102 1016 15
Glyph 35835 Width 0 27 0 102 904 204 1016 15
Glyph 35841 Width 0 27 0 204 904 305 1016 15
Glyph 35843 Width 0 27 0 305 904 406 1016 15
Glyph 35848 Width 0 27 0 406 904 508 1016 15
Glyph 35851 Width 0 27 0 508 904 610 1016 15
Glyph 35859 Width 0 27 0 610 904 711 1016 15
Glyph 35868 Width 0 27 0 711 904 814 1016 15
Glyph 35874 Width 0 27 0 814 904 915 1016 15
Glyph 35880 Width 0 27 0 915 904 1017 1016 15
Glyph 35889 Width 0 27 0 0 0 101 112 16
Glyph 35895 Width 0 27 0 101 0 204 112 16
Glyph 35937 Width 0 27 0 204 0 307 112 16
Glyph 35946 Width 0 27 0 307 0 409 112 16
Glyph 35947 Width 0 27 0 409 0 512 112 16
Glyph 35961 Width 0 27 0 512 0 613 112 16
Glyph 35980 Width 0 27 0 613 0 714 112 16
Glyph 36127 Width 0 25 0 714 0 812 112 16
Glyph 36133 Width 0 27 0 812 0 914 112 16
Glyph 36135 Width 0 27 0 914 0 1015 112 16
Glyph 36136 Width 0 27 0 0 113 102 225 16
Glyph 36138 Width 0 27 0 102 113 204 225 16
Glyph 36149 Width 0 27 0 204 113 306 225 16
Glyph 36153 Width 0 27 0 306 113 407 225 16
Glyph 36175 Width 0 27 0 407 113 508 225 16
Glyph 36182 Width 0 27 0 508 113 610 225 16
Glyph 36187 Width 0 27 0 610 113 713 225 16
Glyph 36190 Width 0 27 0 713 113 816 225 16
Glyph 36192 Width 0 27 0 816 113 918 225 16
Glyph 36196 Width 0 27 0 918 113 1020 225 16
Glyph 36208 Width 0 27 0 0 226 102 338 16
Glyph 36214 Width 0 28 0 102 226 205 338 16
Glyph 36215 Width 0 27 0 205 226 307 338 16
Glyph 36225 Width 0 27 0 307 226 408 338 16
Glyph 36229 Width 0 27 0 408 226 510 338 16
Glyph 36234 Width 0 27 0 510 226 613 338 16
Glyph 36235 Width 0 27 0 613 226 715 338 16
Glyph 36255 Width 0 27 0 715 226 817 338 16
Glyph 36259 Width 0 27 0 817 226 919 338 16
Glyph 36275 Width 0 27 0 919 226 1021 338 16
Glyph 36291 Width 0 27 0 0 339 103 451 16
Glyph 36305 Width 0 27 0 103 339 205 451 16
Glyph 36319 Width 0 27 0 205 339 306 451 16
Glyph 36328 Width 0 27 0 306 339 408 451 16
Glyph 36335 Width 0 27 0 408 339 511 451 16
Glyph 36339 Width 0 27 0 511 339 614 451 16
Glyph 36393 Width 0 27 0 614 339 717 451 16
Glyph 36394 Width 0 28 0 717 339 820 451 16
Glyph 36523 Width 0 27 0 820 339 922 451 16
Glyph 36530 Width 0 28 0 0 452 103 564 16
Glyph 36538 Width 0 27 0 103 452 205 564 16
Glyph 36710 Width 0 27 0 205 452 307 564 16
Glyph 36716 Width 0 27 0 307 452 408 564 16
Glyph 36718 Width 0 27 0 408 452 510 564 16
Glyph 36719 Width 0 27 0 510 452 611 564 16
Glyph 36731 Width 0 27 0 611 452 713 564 16
Glyph 36733 Width 0 27 0 713 452 815 564 16
Glyph 36739 Width 0 27 0 815 452 918 564 16
Glyph 36744 Width 0 27 0 918 452 1019 564 16
Glyph 36755 Width 0 27 0 0 565 103 677 16
Glyph 36763 Width 0 27 0 103 565 205 677 16
Glyph 36767 Width 0 27 0 205 565 307 677 16
Glyph 36793 Width 0 27 0 307 565 409 677 16
Glyph 36798 Width 0 27 0 409 565 511 677 16
Glyph 36805 Width 0 27 0 511 565 613 677 16
Glyph 36807 Width 0 27 0 613 565 715 677 16
Glyph 36814 Width 0 27 0 715 565 817 677 16
Glyph 36816 Width 0 27 0 817 565 919 677 16
Glyph 36817 Width 0 27 0 919 565 1021 677 16
Glyph 36820 Width 0 27 0 0 678 102 790 16
Glyph 36824 Width 0 27 0 102 678 204 790 16
Glyph 36825 Width 0 27 0 204 678 305 790 16
Glyph 36827 Width 0 27 0 305 678 407 790 16
Glyph 36828 Width 0 27 0 407 678 509 790 16
Glyph 36829 Width 0 27 0 509 678 611 790 16
Glyph 36830 Width 0 27 0 611 678 713 790 16
Glyph 36831 Width 0 27 0 713 678 815 790 16
Glyph 36843 Width 0 27 0 815 678 917 790 16
Glyph 36855 Width 0 27 0 917 678 1019 790 16
Glyph 36857 Width 0 28 0 0 791 103 903 16
Glyph 36861 Width 0 27 0 103 791 205 903 16
Glyph 36864 Width 0 27 0 205 791 307 903 16
Glyph 36865 Width 0 27 0 307 791 409 903 16
Glyph 36866 Width 0 27 0 409 791 511 903 16
Glyph 36867 Width 0 27 0 511 791 613 903 16
Glyph 36873 Width 0 27 0 613 791 715 903 16
Glyph 36879 Width 0 27 0 715 791 817 903 16
Glyph 36880 Width 0 28 0 817 791 920 903 16
Glyph 36884 Width 0 27 0 920 791 1022 903 16
Glyph 36890 Width 0 27 0 0 904 102 1016 16
Glyph 36895 Width 0 27 0 102 904 204 1016 16
Glyph 36896 Width 0 27 0 204 904 306 1016 16
Glyph 36924 Width 0 27 0 306 904 408 1016 16
Glyph 36935 Width 0 27 0 408 904 510 1016 16
Glyph 36947 Width 0 27 0 510 904 612 1016 16
Glyph 36951 Width 0 27 0 612 904 714 1016 16
Glyph 36965 Width 0 27 0 714 904 816 1016 16
Glyph 36991 Width 0 27 0 816 904 918 1016 16
Glyph 36992 Width 0 27 0 918 904 1020 1016 16
Glyph 37027 Width 0 27 0 0 0 101 112 17
Glyph 37034 Width 0 27 0 101 0 202 112 17
Glyph 37048 Width 0 27 0 202 0 303 112 17
Glyph 37096 Width 0 27 0 303 0 404 112 17
Glyph 37117 Width 0 27 0 404 0 506 112 17
Glyph 37145 Width 0 27 0 506 0 608 112 17
Glyph 37197 Width 0 27 0 608 0 711 112 17
Glyph 37228 Width 0 27 0 711 0 813 112 17
Glyph 37239 Width 0 27 0 813 0 915 112 17
Glyph 37319 Width 0 26 0 915 0 1016 112 17
Glyph 37324 Width 0 27 0 0 113 101 225 17
Glyph 37325 Width 0 27 0 101 113 202 225 17
Glyph 37327 Width 0 27 0 202 113 303 225 17
Glyph 37329 Width 0 27 0 303 113 405 225 17
Glyph 38024 Width 0 27 0 405 113 506 225 17
Glyph 38035 Width 0 27 0 506 113 607 225 17
Glyph 38045 Width 0 28 0 607 113 710 225 17
Glyph 38047 Width 0 27 0 710 113 812 225 17
Glyph 38050 Width 0 27 0 812 113 912 225 17
Glyph 38053 Width 0 26 0 912 113 1010 225 17
Glyph 38065 Width 0 27 0 0 226 102 338 17
Glyph 38075 Width 0 27 0 102 226 203 338 17
Glyph 38081 Width 0 27 0 203 226 306 338 17
Glyph 38112 Width 0 27 0 306 226 408 338 17
Glyph 38145 Width 0 27 0 408 226 509 338 17
Glyph 38160 Width 0 27 0 509 226 610 338 17
Glyph 38169 Width 0 27 0 610 226 711 338 17
Glyph 38179 Width 0 27 0 711 226 812 338 17
Glyph 38190 Width 0 27 0 812 226 914 338 17
Glyph 38197 Width 0 27 0 914 226 1016 338 17
Glyph 38236 Width 0 27 0 0 339 102 451 17
Glyph 38271 Width 0 27 0 102 339 204 451 17
Glyph 38376 Width 0 26 0 204 339 303 451 17
Glyph 38378 Width 0 26 0 303 339 402 451 17
Glyph 38381 Width 0 26 0 402 339 501 451 17
Glyph 38382 Width 0 26 0 501 339 600 451 17
Glyph 38383 Width 0 26 0 600 339 699 451 17
Glyph 38386 Width 0 26 0 699 339 798 451 17
Glyph 38388 Width 0 26 0 798 339 897 451 17
Glyph 38393 Width 0 26 0 897 339 996 451 17
Glyph 38395 Width 0 26 0 0 452 99 564 17
Glyph 38401 Width 0 26 0 99 452 198 564 17
Glyph 38420 Width 0 26 0 198 452 297 564 17
Glyph 38431 Width 0 27 0 297 452 400 564 17
Glyph 38449 Width 0 27 0 400 452 501 564 17
Glyph 38450 Width 0 27 0 501 452 603 564 17
Glyph 38451 Width 0 26 0 603 452 703 564 17
Glyph 38452 Width 0 26 0 703 452 802 564 17
Glyph 38453 Width 0 27 0 802 452 903 564 17
Glyph 38454 Width 0 27 0 903 452 1006 564 17
Glyph 38459 Width 0 27 0 0 565 101 677 17
Glyph 38463 Width 0 27 0 101 565 202 677 17
Glyph 38464 Width 0 27 0 202 565 303 677 17
Glyph 38468 Width 0 27 0 303 565 406 677 17
Glyph 38469 Width 0 27 0 406 565 508 677 17
Glyph 38477 Width 0 27 0 508 565 609 677 17
Glyph 38480 Width 0 27 0 609 565 711 677 17
Glyph 38498 Width 0 27 0 711 565 814 677 17
Glyph 38500 Width 0 27 0 814 565 916 677 17
Glyph 38505 Width 0 27 0 916 565 1019 677 17
Glyph 38506 Width 0 27 0 0 678 102 790 17
Glyph 38519 Width 0 27 0 102 678 203 790 17
Glyph 38543 Width 0 28 0 203 678 306 790 17
Glyph 38544 Width 0 27 0 306 678 408 790 17
Glyph 38548 Width 0 27 0 408 678 510 790 17
Glyph 38556 Width 0 27 0 510 678 612 790 17
Glyph 38567 Width 0 27 0 612 678 715 790 17
Glyph 38590 Width 0 27 0 715 678 815 790 17
Glyph 38596 Width 0 27 0 815 678 917 790 17
Glyph 38598 Width 0 28 0 917 678 1018 790 17
Glyph 38607 Width 0 27 0 0 791 102 903 17
Glyph 38634 Width 0 27 0 102 791 203 903 17
Glyph 38646 Width 0 27 0 203 791 305 903 17
Glyph 38647 Width 0 27 0 305 791 407 903 17
Glyph 38654 Width 0 27 0 407 791 508 903 17
Glyph 38656 Width 0 27 0 508 791 610 903 17
Glyph 38706 Width 0 27 0 610 791 712 903 17
Glyph 38712 Width 0 27 0 712 791 814 903 17
Glyph 38745 Width 0 27 0 814 791 916 903 17
Glyph 38750 Width 0 27 0 916 791 1018 903 17
Glyph 38752 Width 0 27 0 0 904 101 1016 17
Glyph 38754 Width 0 27 0 101 904 203 1016 17
Glyph 38899 Width 0 27 0 203 904 304 1016 17
Glyph 39030 Width 0 27 0 304 904 406 1016 17
Glyph 39033 Width 0 27 0 406 904 508 1016 17
Glyph 39034 Width 0 28 0 508 904 611 1016 17
Glyph 39035 Width 0 27 0 611 904 712 1016 17
Glyph 39038 Width 0 27 0 712 904 815 1016 17
Glyph 39044 Width 0 28 0 815 904 918 1016 17
Glyph 39046 Width 0 28 0 918 904 1020 1016 17
Glyph 39047 Width 0 28 0 0 0 102 112 18
Glyph 39057 Width 0 27 0 102 0 204 112 18
Glyph 39063 Width 0 27 0 204 0 307 112 18
Glyph 39064 Width 0 27 0 307 0 409 112 18
Glyph 39068 Width 0 27 0 409 0 512 112 18
Glyph 39069 Width 0 27 0 512 0 615 112 18
Glyph 39072 Width 0 27 0 615 0 717 112 18
Glyph 39118 Width 0 27 0 717 0 819 112 18
Glyph 39128 Width 0 27 0 819 0 921 112 18
Glyph 39134 Width 0 27 0 921 0 1023 112 18
Glyph 39135 Width 0 27 0 0 113 102 225 18
Glyph 39277 Width 0 27 0 102 113 205 225 18
Glyph 39280 Width 0 27 0 205 113 307 225 18
Glyph 39282 Width 0 27 0 307 113 407 225 18
Glyph 39286 Width 0 27 0 407 113 509 225 18
Glyph 39295 Width 0 27 0 509 113 612 225 18
Glyph 39297 Width 0 27 0 612 113 714 225 18
Glyph 39302 Width 0 27 0 714 113 816 225 18
Glyph 39318 Width 0 27 0 816 113 916 225 18
Glyph 39532 Width 0 25 0 916 113 1012 225 18
Glyph 39537 Width 0 27 0 0 226 101 338 18
Glyph 39556 Width 0 27 0 101 226 203 338 18
Glyph 39564 Width 0 27 0 203 226 305 338 18
Glyph 39569 Width 0 27 0 305 226 406 338 18
Glyph 39575 Width 0 27 0 406 226 509 338 18
Glyph 39578 Width 0 28 0 509 226 612 338 18
Glyph 39588 Width 0 28 0 612 226 715 338 18
Glyph 39592 Width 0 27 0 715 226 817 338 18
Glyph 39608 Width 0 27 0 817 226 920 338 18
Glyph 39640 Width 0 27 0 920 226 1022 338 18
Glyph 39740 Width 0 27 0 0 339 102 451 18
Glyph 39746 Width 0 27 0 102 339 204 451 18
Glyph 40060 Width 0 27 0 204 339 305 451 18
Glyph 40092 Width 0 27 0 305 339 407 451 18
Glyph 40104 Width 0 27 0 407 339 510 451 18
Glyph 40120 Width 0 27 0 510 339 612 451 18
Glyph 40132 Width 0 27 0 612 339 714 451 18
Glyph 40479 Width 0 27 0 714 339 816 451 18
Glyph 40517 Width 0 27 0 816 339 918 451 18
Glyph 40635 Width 0 28 0 918 339 1021 451 18
Glyph 40644 Width 0 27 0 0 452 100 564 18
Glyph 40655 Width 0 27 0 100 452 202 564 18
Glyph 40657 Width 0 27 0 202 452 304 564 18
Glyph 40664 Width 0 27 0 304 452 407 564 18
Glyph 40723 Width 0 27 0 407 452 510 564 18
Glyph 40763 Width 0 27 0 510 452 612 564 18
Glyph 40831 Width 0 27 0 612 452 714 564 18
Glyph 40863 Width 0 27 0 714 452 815 564 18
Glyph 65087 Width 0 27 0 815 452 917 564 18
Glyph 65088 Width 0 27 0 917 452 1019 564 18
Glyph 65281 Width 0 18 0 0 565 71 677 18
Glyph 65283 Width 0 24 0 71 565 164 677 18
Glyph 65284 Width 0 22 0 164 565 247 677 18
Glyph 65285 Width 0 25 0 247 565 342 677 18
Glyph 65286 Width 0 23 0 342 565 430 677 18
Glyph 65288 Width 0 25 0 430 565 528 677 18
Glyph 65289 Width 0 13 0 528 565 578 677 18
Glyph 65290 Width 0 23 0 578 565 667 677 18
Glyph 65291 Width 0 24 0 667 565 761 677 18
Glyph 65292 Width 0 12 0 761 565 804 677 18
Glyph 65293 Width 0 24 0 804 565 898 677 18
Glyph 65295 Width 0 21 0 898 565 979 677 18
Glyph 65296 Width 0 23 0 0 678 88 790 18
Glyph 65297 Width 0 19 0 88 678 162 790 18
Glyph 65298 Width 0 23 0 162 678 249 790 18
Glyph 65299 Width 0 22 0 249 678 335 790 18
Glyph 65300 Width 0 23 0 335 678 422 790 18
Glyph 65301 Width 0 22 0 422 678 508 790 18
Glyph 65302 Width 0 22 0 508 678 594 790 18
Glyph 65303 Width 0 22 0 594 678 680 790 18
Glyph 65304 Width 0 22 0 680 678 766 790 18
Glyph 65305 Width 0 23 0 766 678 854 790 18
Glyph 65306 Width 0 12 0 854 678 897 790 18
Glyph 65309 Width 0 24 0 897 678 991 790 18
Glyph 65311 Width 0 14 0 0 791 0052 903 18
Glyph 65312 Width 0 25 0 52 791 0000004 903 18
Glyph 65313 Width 0 25 0 149 791 0000004 903 18
Glyph 65314 Width 0 23 0 244 791 0000004 903 18
Glyph 65315 Width 0 23 0 332 791 0000004 903 18
Glyph 65316 Width 0 23 0 421 0184 0000004 903 18
Glyph 65317 Width 0 23 0 0184 0184 0000004 903 18
Glyph 65318 Width 0 22 0 0184 0184 0000004 903 18
Glyph 65319 Width 0 23 0 0184 0184 0000004 903 18
Glyph 65320 Width 0 23 0 0184 0184 0000004 903 18
Glyph 65321 Width 0 18 0 0184 0184 0000004 00903 18
Glyph 65323 Width 0 24 0 0000004 0184 0000004 903 18
Glyph 65325 Width 0 24 0 0184 0904 0000004 1016 18
Glyph 65326 Width 0 23 0 0184 0904 0000004 1016 18
Glyph 65327 Width 0 23 0 0000004 000004 0000004 1016 18
Glyph 65331 Width 0 23 0 0274 0904 0000004 1016 18
Glyph 65332 Width 0 23 0 0362 0000004 0451 1016 18
Glyph 65335 Width 0 25 0 0451 0904 0547 1016 18
Glyph 65343 Width 0 29 0 0547 0904 0655 1016 18
Glyph 65374 Width 0 26 0 0655 0904 0754 1016 18
END